# Force coefficients
# liftDir     : (0.000000e+00 0.000000e+00 1.000000e+00)
# dragDir     : (1.000000e+00 0.000000e+00 0.000000e+00)
# pitchAxis   : (0.000000e+00 1.000000e+00 0.000000e+00)
# magUInf     : 2.000000e+01
# lRef        : 1.420000e+00
# Aref        : 7.500000e-01
# CofR        : (7.200000e-01 0.000000e+00 0.000000e+00)
# Time        	Cm            	Cd            	Cl            	Cl(f)         	Cl(r)         
0             	9.134821e-03	2.265984e-02	7.811337e-04	9.525388e-03	-8.744254e-03
1             	5.631041e-01	1.329253e+00	-3.529740e-02	5.454554e-01	-5.807528e-01
2             	6.507833e-01	1.528575e+00	-4.804876e-02	6.267590e-01	-6.748077e-01
3             	5.719449e-01	1.338590e+00	-3.460986e-02	5.546400e-01	-5.892499e-01
4             	4.649377e-01	1.090600e+00	-2.485232e-02	4.525116e-01	-4.773639e-01
5             	3.749408e-01	8.853237e-01	-1.674721e-02	3.665672e-01	-3.833144e-01
6             	3.072157e-01	7.317823e-01	-4.814386e-03	3.048085e-01	-3.096228e-01
7             	2.595780e-01	6.238052e-01	5.212218e-03	2.621841e-01	-2.569718e-01
8             	2.276136e-01	5.527582e-01	1.055657e-02	2.328919e-01	-2.223354e-01
9             	2.071861e-01	5.079976e-01	1.311860e-02	2.137454e-01	-2.006268e-01
10            	1.937662e-01	4.797034e-01	1.577809e-02	2.016552e-01	-1.858772e-01
11            	1.851266e-01	4.613172e-01	1.955533e-02	1.949043e-01	-1.753489e-01
12            	1.800522e-01	4.495832e-01	2.515850e-02	1.926315e-01	-1.674730e-01
13            	1.774693e-01	4.421748e-01	3.105125e-02	1.929949e-01	-1.619437e-01
14            	1.770121e-01	4.383102e-01	3.684182e-02	1.954330e-01	-1.585912e-01
15            	1.774016e-01	4.357408e-01	4.250468e-02	1.986540e-01	-1.561493e-01
16            	1.777335e-01	4.331035e-01	4.747310e-02	2.014701e-01	-1.539970e-01
17            	1.780454e-01	4.311723e-01	5.128717e-02	2.036890e-01	-1.524018e-01
18            	1.783585e-01	4.301163e-01	5.343249e-02	2.050748e-01	-1.516423e-01
19            	1.784795e-01	4.289514e-01	5.398334e-02	2.054712e-01	-1.514878e-01
20            	1.784184e-01	4.275870e-01	5.331783e-02	2.050773e-01	-1.517594e-01
21            	1.783724e-01	4.267422e-01	5.214265e-02	2.044437e-01	-1.523011e-01
22            	1.777949e-01	4.259527e-01	5.142290e-02	2.035063e-01	-1.520834e-01
23            	1.764796e-01	4.247952e-01	5.155056e-02	2.022549e-01	-1.507043e-01
24            	1.744906e-01	4.230967e-01	5.241790e-02	2.006996e-01	-1.482817e-01
25            	1.720939e-01	4.212792e-01	5.380648e-02	1.989971e-01	-1.451907e-01
26            	1.699057e-01	4.198158e-01	5.516116e-02	1.974863e-01	-1.423251e-01
27            	1.682648e-01	4.190200e-01	5.625953e-02	1.963946e-01	-1.401351e-01
28            	1.671000e-01	4.183880e-01	5.700821e-02	1.956041e-01	-1.385959e-01
29            	1.661855e-01	4.176987e-01	5.761085e-02	1.949909e-01	-1.373801e-01
30            	1.653652e-01	4.168308e-01	5.823133e-02	1.944809e-01	-1.362495e-01
31            	1.647056e-01	4.160324e-01	5.901688e-02	1.942140e-01	-1.351972e-01
32            	1.641613e-01	4.152774e-01	5.997930e-02	1.941509e-01	-1.341716e-01
33            	1.637779e-01	4.147089e-01	6.104871e-02	1.943023e-01	-1.332536e-01
34            	1.633928e-01	4.141595e-01	6.204752e-02	1.944166e-01	-1.323691e-01
35            	1.630364e-01	4.137682e-01	6.299010e-02	1.945315e-01	-1.315414e-01
36            	1.626521e-01	4.134215e-01	6.354847e-02	1.944263e-01	-1.308779e-01
37            	1.624288e-01	4.133254e-01	6.404192e-02	1.944498e-01	-1.304079e-01
38            	1.623597e-01	4.133466e-01	6.399200e-02	1.943557e-01	-1.303637e-01
39            	1.624897e-01	4.134203e-01	6.359253e-02	1.942860e-01	-1.306935e-01
40            	1.626147e-01	4.133848e-01	6.280478e-02	1.940170e-01	-1.312123e-01
41            	1.627611e-01	4.133459e-01	6.214562e-02	1.938339e-01	-1.316882e-01
42            	1.628274e-01	4.132571e-01	6.174559e-02	1.937002e-01	-1.319546e-01
43            	1.628537e-01	4.132741e-01	6.185484e-02	1.937812e-01	-1.319263e-01
44            	1.628082e-01	4.133085e-01	6.240217e-02	1.940093e-01	-1.316071e-01
45            	1.626865e-01	4.133716e-01	6.336389e-02	1.943685e-01	-1.310046e-01
46            	1.624859e-01	4.133084e-01	6.462566e-02	1.947987e-01	-1.301731e-01
47            	1.622442e-01	4.131822e-01	6.604980e-02	1.952691e-01	-1.292193e-01
48            	1.619693e-01	4.129120e-01	6.733964e-02	1.956391e-01	-1.282995e-01
49            	1.616572e-01	4.126303e-01	6.830353e-02	1.958090e-01	-1.275055e-01
50            	1.613637e-01	4.123283e-01	6.888918e-02	1.958083e-01	-1.269191e-01
51            	1.610732e-01	4.120996e-01	6.917904e-02	1.956627e-01	-1.264837e-01
52            	1.608151e-01	4.120257e-01	6.913479e-02	1.953825e-01	-1.262477e-01
53            	1.605316e-01	4.119965e-01	6.896109e-02	1.950121e-01	-1.260510e-01
54            	1.602376e-01	4.120416e-01	6.866371e-02	1.945695e-01	-1.259058e-01
55            	1.599296e-01	4.120741e-01	6.838121e-02	1.941202e-01	-1.257390e-01
56            	1.596881e-01	4.121846e-01	6.803350e-02	1.937048e-01	-1.256713e-01
57            	1.595112e-01	4.123415e-01	6.773961e-02	1.933810e-01	-1.256414e-01
58            	1.594513e-01	4.125852e-01	6.740164e-02	1.931521e-01	-1.257504e-01
59            	1.593963e-01	4.128458e-01	6.710278e-02	1.929477e-01	-1.258449e-01
60            	1.594106e-01	4.131451e-01	6.681747e-02	1.928193e-01	-1.260018e-01
61            	1.593843e-01	4.134511e-01	6.662248e-02	1.926955e-01	-1.260731e-01
62            	1.594282e-01	4.137585e-01	6.652329e-02	1.926898e-01	-1.261665e-01
63            	1.594434e-01	4.140465e-01	6.645195e-02	1.926693e-01	-1.262174e-01
64            	1.595114e-01	4.142769e-01	6.637701e-02	1.926999e-01	-1.263229e-01
65            	1.595458e-01	4.144449e-01	6.631501e-02	1.927033e-01	-1.263883e-01
66            	1.596181e-01	4.145649e-01	6.622993e-02	1.927330e-01	-1.265031e-01
67            	1.596049e-01	4.146551e-01	6.607574e-02	1.926427e-01	-1.265670e-01
68            	1.595782e-01	4.146683e-01	6.594460e-02	1.925505e-01	-1.266059e-01
69            	1.594916e-01	4.146996e-01	6.582576e-02	1.924045e-01	-1.265788e-01
70            	1.594371e-01	4.146932e-01	6.585148e-02	1.923628e-01	-1.265114e-01
71            	1.593310e-01	4.147277e-01	6.585543e-02	1.922587e-01	-1.264032e-01
72            	1.592903e-01	4.147486e-01	6.593045e-02	1.922555e-01	-1.263251e-01
73            	1.592493e-01	4.148793e-01	6.598352e-02	1.922411e-01	-1.262576e-01
74            	1.593092e-01	4.150259e-01	6.611823e-02	1.923684e-01	-1.262501e-01
75            	1.593655e-01	4.152120e-01	6.627596e-02	1.925035e-01	-1.262275e-01
76            	1.595020e-01	4.154009e-01	6.648966e-02	1.927468e-01	-1.262572e-01
77            	1.596307e-01	4.156289e-01	6.671931e-02	1.929903e-01	-1.262710e-01
78            	1.598189e-01	4.159249e-01	6.688854e-02	1.932632e-01	-1.263746e-01
79            	1.599518e-01	4.162147e-01	6.705850e-02	1.934810e-01	-1.264225e-01
80            	1.600603e-01	4.164270e-01	6.718513e-02	1.936529e-01	-1.264677e-01
81            	1.600931e-01	4.166016e-01	6.727774e-02	1.937320e-01	-1.264543e-01
82            	1.601217e-01	4.166878e-01	6.733494e-02	1.937891e-01	-1.264542e-01
83            	1.600654e-01	4.167301e-01	6.730846e-02	1.937196e-01	-1.264111e-01
84            	1.599779e-01	4.166472e-01	6.719315e-02	1.935745e-01	-1.263813e-01
85            	1.598357e-01	4.165338e-01	6.704020e-02	1.933558e-01	-1.263156e-01
86            	1.597293e-01	4.163714e-01	6.686406e-02	1.931613e-01	-1.262972e-01
87            	1.596333e-01	4.162780e-01	6.667235e-02	1.929695e-01	-1.262971e-01
88            	1.595897e-01	4.161825e-01	6.644101e-02	1.928102e-01	-1.263692e-01
89            	1.595950e-01	4.162020e-01	6.623477e-02	1.927123e-01	-1.264776e-01
90            	1.596302e-01	4.162646e-01	6.599551e-02	1.926279e-01	-1.266324e-01
91            	1.596778e-01	4.163786e-01	6.586702e-02	1.926113e-01	-1.267443e-01
92            	1.597315e-01	4.164791e-01	6.579174e-02	1.926273e-01	-1.268356e-01
93            	1.597442e-01	4.165853e-01	6.577424e-02	1.926314e-01	-1.268571e-01
94            	1.597135e-01	4.166382e-01	6.577511e-02	1.926010e-01	-1.268259e-01
95            	1.595778e-01	4.165548e-01	6.582280e-02	1.924892e-01	-1.266664e-01
96            	1.593673e-01	4.163432e-01	6.585353e-02	1.922941e-01	-1.264406e-01
97            	1.590817e-01	4.159603e-01	6.599268e-02	1.920780e-01	-1.260853e-01
98            	1.587763e-01	4.155198e-01	6.613058e-02	1.918416e-01	-1.257110e-01
99            	1.584205e-01	4.149644e-01	6.630314e-02	1.915721e-01	-1.252689e-01
100           	1.581110e-01	4.144381e-01	6.645592e-02	1.913390e-01	-1.248830e-01
101           	1.578440e-01	4.139310e-01	6.660571e-02	1.911468e-01	-1.245411e-01
102           	1.576921e-01	4.135303e-01	6.670131e-02	1.910428e-01	-1.243415e-01
103           	1.575915e-01	4.132002e-01	6.674699e-02	1.909650e-01	-1.242180e-01
104           	1.576089e-01	4.129562e-01	6.677616e-02	1.909970e-01	-1.242208e-01
105           	1.576506e-01	4.128173e-01	6.672156e-02	1.910114e-01	-1.242899e-01
106           	1.577180e-01	4.126727e-01	6.665106e-02	1.910435e-01	-1.243925e-01
107           	1.577383e-01	4.125683e-01	6.654615e-02	1.910114e-01	-1.244652e-01
108           	1.577439e-01	4.124388e-01	6.642486e-02	1.909564e-01	-1.245315e-01
109           	1.577020e-01	4.123295e-01	6.635546e-02	1.908797e-01	-1.245243e-01
110           	1.576101e-01	4.122087e-01	6.627955e-02	1.907499e-01	-1.244704e-01
111           	1.574644e-01	4.120977e-01	6.630025e-02	1.906145e-01	-1.243143e-01
112           	1.573016e-01	4.119968e-01	6.631394e-02	1.904585e-01	-1.241446e-01
113           	1.571464e-01	4.119598e-01	6.634592e-02	1.903194e-01	-1.239734e-01
114           	1.570077e-01	4.119370e-01	6.633075e-02	1.901731e-01	-1.238423e-01
115           	1.569046e-01	4.119566e-01	6.631801e-02	1.900636e-01	-1.237456e-01
116           	1.568574e-01	4.120056e-01	6.623053e-02	1.899727e-01	-1.237421e-01
117           	1.568337e-01	4.120729e-01	6.612672e-02	1.898971e-01	-1.237704e-01
118           	1.568465e-01	4.121654e-01	6.594458e-02	1.898188e-01	-1.238742e-01
119           	1.568504e-01	4.121928e-01	6.583082e-02	1.897658e-01	-1.239349e-01
120           	1.568926e-01	4.122392e-01	6.572442e-02	1.897549e-01	-1.240304e-01
121           	1.569024e-01	4.122327e-01	6.571469e-02	1.897598e-01	-1.240451e-01
122           	1.569075e-01	4.121722e-01	6.566802e-02	1.897415e-01	-1.240735e-01
123           	1.568959e-01	4.121235e-01	6.571029e-02	1.897511e-01	-1.240408e-01
124           	1.568841e-01	4.120389e-01	6.574221e-02	1.897552e-01	-1.240130e-01
125           	1.568552e-01	4.119639e-01	6.580763e-02	1.897590e-01	-1.239514e-01
126           	1.568481e-01	4.118596e-01	6.592575e-02	1.898109e-01	-1.238852e-01
127           	1.568490e-01	4.118128e-01	6.603741e-02	1.898677e-01	-1.238303e-01
128           	1.568794e-01	4.117624e-01	6.619550e-02	1.899771e-01	-1.237816e-01
129           	1.569032e-01	4.117807e-01	6.629508e-02	1.900508e-01	-1.237557e-01
130           	1.569606e-01	4.118056e-01	6.641996e-02	1.901706e-01	-1.237506e-01
131           	1.570000e-01	4.118567e-01	6.652935e-02	1.902647e-01	-1.237354e-01
132           	1.570996e-01	4.119844e-01	6.662935e-02	1.904143e-01	-1.237849e-01
133           	1.571503e-01	4.120757e-01	6.673773e-02	1.905191e-01	-1.237814e-01
134           	1.572495e-01	4.122422e-01	6.683109e-02	1.906651e-01	-1.238340e-01
135           	1.573066e-01	4.123917e-01	6.692115e-02	1.907672e-01	-1.238460e-01
136           	1.573917e-01	4.126047e-01	6.696772e-02	1.908755e-01	-1.239078e-01
137           	1.574324e-01	4.127587e-01	6.704621e-02	1.909555e-01	-1.239093e-01
138           	1.575501e-01	4.130279e-01	6.712531e-02	1.911127e-01	-1.239874e-01
139           	1.576184e-01	4.132177e-01	6.722762e-02	1.912322e-01	-1.240046e-01
140           	1.577590e-01	4.135533e-01	6.726864e-02	1.913934e-01	-1.241247e-01
141           	1.578044e-01	4.137322e-01	6.735354e-02	1.914812e-01	-1.241277e-01
142           	1.579381e-01	4.140414e-01	6.739254e-02	1.916344e-01	-1.242418e-01
143           	1.579945e-01	4.142097e-01	6.751007e-02	1.917496e-01	-1.242395e-01
144           	1.581338e-01	4.145286e-01	6.753024e-02	1.918989e-01	-1.243687e-01
145           	1.582130e-01	4.147139e-01	6.764535e-02	1.920357e-01	-1.243904e-01
146           	1.583502e-01	4.149986e-01	6.767062e-02	1.921855e-01	-1.245148e-01
147           	1.584289e-01	4.152037e-01	6.767122e-02	1.922645e-01	-1.245933e-01
148           	1.585473e-01	4.154533e-01	6.760925e-02	1.923519e-01	-1.247426e-01
149           	1.586211e-01	4.156184e-01	6.755757e-02	1.923999e-01	-1.248424e-01
150           	1.587368e-01	4.158407e-01	6.742888e-02	1.924513e-01	-1.250224e-01
151           	1.587965e-01	4.159789e-01	6.729145e-02	1.924422e-01	-1.251508e-01
152           	1.588307e-01	4.161023e-01	6.708669e-02	1.923741e-01	-1.252874e-01
153           	1.588005e-01	4.161097e-01	6.691363e-02	1.922574e-01	-1.253437e-01
154           	1.587641e-01	4.160984e-01	6.673001e-02	1.921291e-01	-1.253991e-01
155           	1.586853e-01	4.160033e-01	6.659847e-02	1.919845e-01	-1.253860e-01
156           	1.585958e-01	4.158860e-01	6.649901e-02	1.918453e-01	-1.253463e-01
157           	1.584688e-01	4.156930e-01	6.646397e-02	1.917008e-01	-1.252368e-01
158           	1.583524e-01	4.155122e-01	6.645604e-02	1.915804e-01	-1.251244e-01
159           	1.582203e-01	4.152953e-01	6.650635e-02	1.914735e-01	-1.249672e-01
160           	1.581071e-01	4.150849e-01	6.659021e-02	1.914022e-01	-1.248120e-01
161           	1.580249e-01	4.148936e-01	6.672965e-02	1.913897e-01	-1.246601e-01
162           	1.579791e-01	4.147496e-01	6.686067e-02	1.914095e-01	-1.245488e-01
163           	1.579483e-01	4.146140e-01	6.701065e-02	1.914536e-01	-1.244430e-01
164           	1.579507e-01	4.145293e-01	6.712365e-02	1.915125e-01	-1.243889e-01
165           	1.579372e-01	4.144283e-01	6.724154e-02	1.915579e-01	-1.243164e-01
166           	1.579325e-01	4.143589e-01	6.731419e-02	1.915896e-01	-1.242754e-01
167           	1.578699e-01	4.142247e-01	6.740393e-02	1.915718e-01	-1.241679e-01
168           	1.578296e-01	4.141110e-01	6.746935e-02	1.915643e-01	-1.240950e-01
169           	1.577241e-01	4.139537e-01	6.756732e-02	1.915078e-01	-1.239404e-01
170           	1.576540e-01	4.138220e-01	6.762876e-02	1.914683e-01	-1.238396e-01
171           	1.575341e-01	4.136498e-01	6.773546e-02	1.914018e-01	-1.236664e-01
172           	1.574729e-01	4.135439e-01	6.780414e-02	1.913750e-01	-1.235708e-01
173           	1.573949e-01	4.134172e-01	6.789420e-02	1.913420e-01	-1.234478e-01
174           	1.573800e-01	4.133834e-01	6.794557e-02	1.913527e-01	-1.234072e-01
175           	1.573384e-01	4.133003e-01	6.800523e-02	1.913411e-01	-1.233358e-01
176           	1.573526e-01	4.132966e-01	6.803863e-02	1.913719e-01	-1.233333e-01
177           	1.573344e-01	4.132461e-01	6.802894e-02	1.913489e-01	-1.233199e-01
178           	1.573520e-01	4.132496e-01	6.799372e-02	1.913488e-01	-1.233551e-01
179           	1.573551e-01	4.132427e-01	6.795600e-02	1.913331e-01	-1.233771e-01
180           	1.573621e-01	4.132209e-01	6.788797e-02	1.913060e-01	-1.234181e-01
181           	1.573495e-01	4.131765e-01	6.785043e-02	1.912747e-01	-1.234243e-01
182           	1.573332e-01	4.131229e-01	6.776889e-02	1.912176e-01	-1.234488e-01
183           	1.572999e-01	4.130662e-01	6.772871e-02	1.911642e-01	-1.234355e-01
184           	1.572649e-01	4.129981e-01	6.767726e-02	1.911036e-01	-1.234263e-01
185           	1.571992e-01	4.128917e-01	6.766278e-02	1.910306e-01	-1.233678e-01
186           	1.571742e-01	4.128762e-01	6.761538e-02	1.909819e-01	-1.233665e-01
187           	1.571478e-01	4.128449e-01	6.767139e-02	1.909835e-01	-1.233121e-01
188           	1.571348e-01	4.128504e-01	6.764706e-02	1.909583e-01	-1.233113e-01
189           	1.571179e-01	4.128566e-01	6.769494e-02	1.909654e-01	-1.232704e-01
190           	1.570959e-01	4.128498e-01	6.766919e-02	1.909305e-01	-1.232613e-01
191           	1.571189e-01	4.129026e-01	6.775133e-02	1.909945e-01	-1.232432e-01
192           	1.571289e-01	4.129472e-01	6.774346e-02	1.910007e-01	-1.232572e-01
193           	1.571591e-01	4.130087e-01	6.787848e-02	1.910983e-01	-1.232198e-01
194           	1.571883e-01	4.130633e-01	6.790994e-02	1.911433e-01	-1.232334e-01
195           	1.572613e-01	4.131756e-01	6.807960e-02	1.913011e-01	-1.232215e-01
196           	1.573147e-01	4.132582e-01	6.810138e-02	1.913654e-01	-1.232640e-01
197           	1.573892e-01	4.134050e-01	6.822156e-02	1.914999e-01	-1.232784e-01
198           	1.574693e-01	4.135449e-01	6.823995e-02	1.915893e-01	-1.233494e-01
199           	1.576108e-01	4.137775e-01	6.839927e-02	1.918104e-01	-1.234111e-01
200           	1.577197e-01	4.139949e-01	6.837112e-02	1.919053e-01	-1.235341e-01
201           	1.578456e-01	4.142515e-01	6.844791e-02	1.920696e-01	-1.236217e-01
202           	1.579651e-01	4.145168e-01	6.835101e-02	1.921406e-01	-1.237896e-01
203           	1.581390e-01	4.148776e-01	6.839968e-02	1.923388e-01	-1.239391e-01
204           	1.583022e-01	4.152544e-01	6.827433e-02	1.924393e-01	-1.241650e-01
205           	1.584878e-01	4.156796e-01	6.826080e-02	1.926182e-01	-1.243574e-01
206           	1.586518e-01	4.160875e-01	6.809738e-02	1.927005e-01	-1.246031e-01
207           	1.588184e-01	4.165273e-01	6.801496e-02	1.928259e-01	-1.248109e-01
208           	1.589139e-01	4.168563e-01	6.776792e-02	1.927978e-01	-1.250299e-01
209           	1.589767e-01	4.171097e-01	6.763924e-02	1.927963e-01	-1.251571e-01
210           	1.589600e-01	4.171821e-01	6.739487e-02	1.926575e-01	-1.252626e-01
211           	1.588928e-01	4.171318e-01	6.728196e-02	1.925338e-01	-1.252519e-01
212           	1.587416e-01	4.169031e-01	6.704904e-02	1.922661e-01	-1.252171e-01
213           	1.585447e-01	4.165748e-01	6.693154e-02	1.920104e-01	-1.250789e-01
214           	1.582908e-01	4.160936e-01	6.675656e-02	1.916691e-01	-1.249126e-01
215           	1.580700e-01	4.155998e-01	6.676945e-02	1.914547e-01	-1.246853e-01
216           	1.578550e-01	4.150677e-01	6.670489e-02	1.912075e-01	-1.245026e-01
217           	1.576893e-01	4.145872e-01	6.677437e-02	1.910765e-01	-1.243021e-01
218           	1.575900e-01	4.141973e-01	6.673834e-02	1.909591e-01	-1.242208e-01
219           	1.575953e-01	4.139825e-01	6.679873e-02	1.909947e-01	-1.241960e-01
220           	1.576368e-01	4.138508e-01	6.675773e-02	1.910157e-01	-1.242580e-01
221           	1.577466e-01	4.138565e-01	6.683267e-02	1.911629e-01	-1.243302e-01
222           	1.578676e-01	4.139437e-01	6.686527e-02	1.913002e-01	-1.244349e-01
223           	1.580407e-01	4.141935e-01	6.704592e-02	1.915637e-01	-1.245177e-01
224           	1.581760e-01	4.144961e-01	6.711590e-02	1.917339e-01	-1.246180e-01
225           	1.583106e-01	4.148814e-01	6.725890e-02	1.919401e-01	-1.246812e-01
226           	1.584052e-01	4.152507e-01	6.729372e-02	1.920521e-01	-1.247584e-01
227           	1.585249e-01	4.156671e-01	6.738143e-02	1.922156e-01	-1.248342e-01
228           	1.585926e-01	4.160256e-01	6.728198e-02	1.922335e-01	-1.249516e-01
229           	1.586524e-01	4.163534e-01	6.719658e-02	1.922507e-01	-1.250541e-01
230           	1.586679e-01	4.165917e-01	6.696183e-02	1.921488e-01	-1.251870e-01
231           	1.586755e-01	4.167755e-01	6.677930e-02	1.920651e-01	-1.252858e-01
232           	1.586225e-01	4.168386e-01	6.649204e-02	1.918685e-01	-1.253765e-01
233           	1.585580e-01	4.168414e-01	6.632352e-02	1.917198e-01	-1.253962e-01
234           	1.584721e-01	4.167600e-01	6.610861e-02	1.915264e-01	-1.254178e-01
235           	1.584063e-01	4.166666e-01	6.601230e-02	1.914124e-01	-1.254001e-01
236           	1.583125e-01	4.165055e-01	6.584483e-02	1.912349e-01	-1.253900e-01
237           	1.582025e-01	4.163048e-01	6.577974e-02	1.910924e-01	-1.253127e-01
238           	1.580603e-01	4.160334e-01	6.568201e-02	1.909013e-01	-1.252193e-01
239           	1.579311e-01	4.157891e-01	6.573840e-02	1.908003e-01	-1.250619e-01
240           	1.577783e-01	4.155005e-01	6.574277e-02	1.906497e-01	-1.249069e-01
241           	1.576194e-01	4.152229e-01	6.586360e-02	1.905512e-01	-1.246876e-01
242           	1.574538e-01	4.149212e-01	6.588952e-02	1.903985e-01	-1.245090e-01
243           	1.573385e-01	4.147034e-01	6.606000e-02	1.903685e-01	-1.243085e-01
244           	1.571963e-01	4.144489e-01	6.613042e-02	1.902616e-01	-1.241311e-01
245           	1.571109e-01	4.142949e-01	6.630249e-02	1.902621e-01	-1.239596e-01
246           	1.570351e-01	4.141304e-01	6.639349e-02	1.902318e-01	-1.238383e-01
247           	1.570256e-01	4.140833e-01	6.659285e-02	1.903220e-01	-1.237291e-01
248           	1.569928e-01	4.140029e-01	6.664424e-02	1.903150e-01	-1.236707e-01
249           	1.570095e-01	4.140080e-01	6.677942e-02	1.903992e-01	-1.236198e-01
250           	1.569999e-01	4.139721e-01	6.681937e-02	1.904096e-01	-1.235902e-01
251           	1.570526e-01	4.140288e-01	6.698315e-02	1.905442e-01	-1.235611e-01
252           	1.570553e-01	4.140329e-01	6.698976e-02	1.905502e-01	-1.235605e-01
253           	1.570859e-01	4.140789e-01	6.711426e-02	1.906430e-01	-1.235288e-01
254           	1.570865e-01	4.140793e-01	6.711128e-02	1.906421e-01	-1.235308e-01
255           	1.571215e-01	4.141378e-01	6.722650e-02	1.907348e-01	-1.235083e-01
256           	1.571151e-01	4.141417e-01	6.720251e-02	1.907163e-01	-1.235138e-01
257           	1.571279e-01	4.141570e-01	6.733065e-02	1.907932e-01	-1.234626e-01
258           	1.571125e-01	4.141209e-01	6.735780e-02	1.907914e-01	-1.234336e-01
259           	1.571347e-01	4.141342e-01	6.753724e-02	1.909034e-01	-1.233661e-01
260           	1.571038e-01	4.140947e-01	6.755090e-02	1.908793e-01	-1.233284e-01
261           	1.570830e-01	4.140634e-01	6.771691e-02	1.909415e-01	-1.232245e-01
262           	1.570369e-01	4.139782e-01	6.778375e-02	1.909288e-01	-1.231450e-01
263           	1.570214e-01	4.139273e-01	6.800385e-02	1.910233e-01	-1.230195e-01
264           	1.569729e-01	4.138240e-01	6.808610e-02	1.910160e-01	-1.229299e-01
265           	1.569465e-01	4.137529e-01	6.828597e-02	1.910895e-01	-1.228035e-01
266           	1.568982e-01	4.136535e-01	6.833242e-02	1.910644e-01	-1.227320e-01
267           	1.568812e-01	4.135783e-01	6.852275e-02	1.911426e-01	-1.226199e-01
268           	1.568584e-01	4.134817e-01	6.857209e-02	1.911445e-01	-1.225724e-01
269           	1.568627e-01	4.134244e-01	6.874419e-02	1.912348e-01	-1.224906e-01
270           	1.568738e-01	4.133581e-01	6.880127e-02	1.912744e-01	-1.224731e-01
271           	1.569367e-01	4.133788e-01	6.894912e-02	1.914112e-01	-1.224621e-01
272           	1.569727e-01	4.133713e-01	6.891949e-02	1.914324e-01	-1.225130e-01
273           	1.570234e-01	4.133880e-01	6.899593e-02	1.915214e-01	-1.225255e-01
274           	1.570707e-01	4.133816e-01	6.894971e-02	1.915455e-01	-1.225958e-01
275           	1.571494e-01	4.134325e-01	6.901066e-02	1.916547e-01	-1.226440e-01
276           	1.572085e-01	4.134639e-01	6.891949e-02	1.916682e-01	-1.227487e-01
277           	1.572672e-01	4.135329e-01	6.892238e-02	1.917284e-01	-1.228060e-01
278           	1.572898e-01	4.135494e-01	6.880390e-02	1.916917e-01	-1.228878e-01
279           	1.573241e-01	4.136031e-01	6.882352e-02	1.917359e-01	-1.229123e-01
280           	1.573524e-01	4.136461e-01	6.874227e-02	1.917235e-01	-1.229812e-01
281           	1.573875e-01	4.137236e-01	6.878935e-02	1.917822e-01	-1.229929e-01
282           	1.574108e-01	4.137853e-01	6.873010e-02	1.917759e-01	-1.230458e-01
283           	1.574587e-01	4.139097e-01	6.879396e-02	1.918556e-01	-1.230617e-01
284           	1.574880e-01	4.140256e-01	6.871665e-02	1.918464e-01	-1.231297e-01
285           	1.575199e-01	4.141699e-01	6.875842e-02	1.918992e-01	-1.231407e-01
286           	1.575741e-01	4.143386e-01	6.869743e-02	1.919228e-01	-1.232254e-01
287           	1.576632e-01	4.146032e-01	6.872143e-02	1.920239e-01	-1.233024e-01
288           	1.577495e-01	4.148693e-01	6.862204e-02	1.920605e-01	-1.234384e-01
289           	1.578317e-01	4.151683e-01	6.857740e-02	1.921204e-01	-1.235430e-01
290           	1.579486e-01	4.155006e-01	6.843645e-02	1.921668e-01	-1.237304e-01
291           	1.580571e-01	4.158611e-01	6.832838e-02	1.922213e-01	-1.238929e-01
292           	1.581764e-01	4.162037e-01	6.811789e-02	1.922354e-01	-1.241175e-01
293           	1.582473e-01	4.164862e-01	6.793186e-02	1.922132e-01	-1.242814e-01
294           	1.582990e-01	4.166566e-01	6.770874e-02	1.921534e-01	-1.244446e-01
295           	1.583070e-01	4.167583e-01	6.752018e-02	1.920671e-01	-1.245469e-01
296           	1.582492e-01	4.167057e-01	6.723996e-02	1.918692e-01	-1.246293e-01
297           	1.581329e-01	4.165097e-01	6.704193e-02	1.916538e-01	-1.246119e-01
298           	1.579956e-01	4.161792e-01	6.682824e-02	1.914097e-01	-1.245815e-01
299           	1.578168e-01	4.157359e-01	6.674949e-02	1.911916e-01	-1.244421e-01
300           	1.576418e-01	4.152224e-01	6.664997e-02	1.909668e-01	-1.243168e-01
301           	1.574595e-01	4.146893e-01	6.663516e-02	1.907771e-01	-1.241419e-01
302           	1.573551e-01	4.142209e-01	6.655898e-02	1.906345e-01	-1.240756e-01
303           	1.573016e-01	4.138507e-01	6.658645e-02	1.905948e-01	-1.240084e-01
304           	1.573307e-01	4.135794e-01	6.654274e-02	1.906021e-01	-1.240594e-01
305           	1.574042e-01	4.134376e-01	6.658474e-02	1.906966e-01	-1.241119e-01
306           	1.575492e-01	4.134126e-01	6.656590e-02	1.908321e-01	-1.242662e-01
307           	1.577190e-01	4.135398e-01	6.667669e-02	1.910573e-01	-1.243807e-01
308           	1.578854e-01	4.137299e-01	6.668857e-02	1.912297e-01	-1.245412e-01
309           	1.580187e-01	4.139931e-01	6.682520e-02	1.914313e-01	-1.246061e-01
310           	1.581485e-01	4.142607e-01	6.691435e-02	1.916057e-01	-1.246913e-01
311           	1.582541e-01	4.145779e-01	6.713440e-02	1.918213e-01	-1.246869e-01
312           	1.583451e-01	4.148632e-01	6.725149e-02	1.919708e-01	-1.247193e-01
313           	1.584028e-01	4.151318e-01	6.741757e-02	1.921116e-01	-1.246940e-01
314           	1.584636e-01	4.153594e-01	6.742042e-02	1.921738e-01	-1.247533e-01
315           	1.585087e-01	4.155503e-01	6.748132e-02	1.922493e-01	-1.247680e-01
316           	1.585726e-01	4.156909e-01	6.744345e-02	1.922943e-01	-1.248508e-01
317           	1.586071e-01	4.157845e-01	6.750641e-02	1.923603e-01	-1.248539e-01
318           	1.586689e-01	4.158422e-01	6.751213e-02	1.924250e-01	-1.249128e-01
319           	1.587243e-01	4.158880e-01	6.763065e-02	1.925397e-01	-1.249090e-01
320           	1.587797e-01	4.158984e-01	6.765107e-02	1.926053e-01	-1.249542e-01
321           	1.587758e-01	4.158385e-01	6.781425e-02	1.926829e-01	-1.248686e-01
322           	1.587782e-01	4.157414e-01	6.794915e-02	1.927528e-01	-1.248036e-01
323           	1.587608e-01	4.156277e-01	6.826848e-02	1.928951e-01	-1.246266e-01
324           	1.587363e-01	4.154829e-01	6.847781e-02	1.929752e-01	-1.244974e-01
325           	1.586766e-01	4.153261e-01	6.878210e-02	1.930677e-01	-1.242856e-01
326           	1.586032e-01	4.151320e-01	6.897139e-02	1.930889e-01	-1.241175e-01
327           	1.585209e-01	4.149482e-01	6.929727e-02	1.931695e-01	-1.238723e-01
328           	1.584438e-01	4.147560e-01	6.947091e-02	1.931792e-01	-1.237083e-01
329           	1.583609e-01	4.145622e-01	6.978617e-02	1.932539e-01	-1.234678e-01
330           	1.582812e-01	4.143508e-01	6.992891e-02	1.932456e-01	-1.233167e-01
331           	1.582169e-01	4.141621e-01	7.018743e-02	1.933106e-01	-1.231232e-01
332           	1.581187e-01	4.139093e-01	7.022688e-02	1.932321e-01	-1.230053e-01
333           	1.580473e-01	4.136930e-01	7.036869e-02	1.932316e-01	-1.228629e-01
334           	1.579769e-01	4.134418e-01	7.036263e-02	1.931582e-01	-1.227956e-01
335           	1.579609e-01	4.132635e-01	7.049872e-02	1.932103e-01	-1.227116e-01
336           	1.579293e-01	4.130817e-01	7.042963e-02	1.931441e-01	-1.227145e-01
337           	1.579232e-01	4.129615e-01	7.048085e-02	1.931637e-01	-1.226828e-01
338           	1.579258e-01	4.128918e-01	7.037767e-02	1.931146e-01	-1.227370e-01
339           	1.579598e-01	4.128940e-01	7.039927e-02	1.931594e-01	-1.227601e-01
340           	1.579647e-01	4.128863e-01	7.021900e-02	1.930742e-01	-1.228552e-01
341           	1.579826e-01	4.129173e-01	7.017119e-02	1.930682e-01	-1.228970e-01
342           	1.579767e-01	4.129149e-01	7.001180e-02	1.929826e-01	-1.229708e-01
343           	1.579502e-01	4.128855e-01	7.000419e-02	1.929523e-01	-1.229481e-01
344           	1.579113e-01	4.128259e-01	6.989172e-02	1.928572e-01	-1.229655e-01
345           	1.578453e-01	4.127571e-01	6.989124e-02	1.927909e-01	-1.228997e-01
346           	1.577731e-01	4.126504e-01	6.983335e-02	1.926898e-01	-1.228565e-01
347           	1.577104e-01	4.125657e-01	6.989630e-02	1.926586e-01	-1.227623e-01
348           	1.576432e-01	4.124304e-01	6.991713e-02	1.926018e-01	-1.226846e-01
349           	1.575903e-01	4.123174e-01	7.007353e-02	1.926271e-01	-1.225536e-01
350           	1.575641e-01	4.122249e-01	7.016412e-02	1.926462e-01	-1.224820e-01
351           	1.575641e-01	4.122003e-01	7.033001e-02	1.927291e-01	-1.223991e-01
352           	1.575717e-01	4.121861e-01	7.038074e-02	1.927620e-01	-1.223813e-01
353           	1.575970e-01	4.122272e-01	7.049285e-02	1.928434e-01	-1.223505e-01
354           	1.576439e-01	4.122913e-01	7.050842e-02	1.928981e-01	-1.223897e-01
355           	1.577023e-01	4.124071e-01	7.059654e-02	1.930006e-01	-1.224041e-01
356           	1.577699e-01	4.125426e-01	7.059233e-02	1.930661e-01	-1.224738e-01
357           	1.578131e-01	4.126743e-01	7.067391e-02	1.931501e-01	-1.224762e-01
358           	1.578509e-01	4.128023e-01	7.067675e-02	1.931893e-01	-1.225125e-01
359           	1.578695e-01	4.129379e-01	7.077757e-02	1.932582e-01	-1.224807e-01
360           	1.579020e-01	4.130951e-01	7.076964e-02	1.932869e-01	-1.225172e-01
361           	1.579436e-01	4.132876e-01	7.086708e-02	1.933771e-01	-1.225100e-01
362           	1.580115e-01	4.135204e-01	7.084966e-02	1.934363e-01	-1.225866e-01
363           	1.580949e-01	4.138170e-01	7.087708e-02	1.935334e-01	-1.226563e-01
364           	1.581936e-01	4.141222e-01	7.077216e-02	1.935797e-01	-1.228076e-01
365           	1.583400e-01	4.145017e-01	7.079371e-02	1.937368e-01	-1.229431e-01
366           	1.585092e-01	4.149109e-01	7.064590e-02	1.938321e-01	-1.231862e-01
367           	1.586878e-01	4.153528e-01	7.055729e-02	1.939665e-01	-1.234092e-01
368           	1.588623e-01	4.157980e-01	7.029648e-02	1.940105e-01	-1.237140e-01
369           	1.590372e-01	4.162555e-01	7.010489e-02	1.940897e-01	-1.239848e-01
370           	1.592162e-01	4.166983e-01	6.980959e-02	1.941210e-01	-1.243114e-01
371           	1.593538e-01	4.171077e-01	6.955250e-02	1.941301e-01	-1.245776e-01
372           	1.594548e-01	4.174422e-01	6.919442e-02	1.940520e-01	-1.248576e-01
373           	1.594998e-01	4.176749e-01	6.893368e-02	1.939666e-01	-1.250330e-01
374           	1.594869e-01	4.177789e-01	6.855926e-02	1.937666e-01	-1.252073e-01
375           	1.594113e-01	4.177509e-01	6.830916e-02	1.935659e-01	-1.252567e-01
376           	1.592821e-01	4.175685e-01	6.797742e-02	1.932708e-01	-1.252934e-01
377           	1.591540e-01	4.173086e-01	6.781332e-02	1.930607e-01	-1.252474e-01
378           	1.590330e-01	4.169791e-01	6.756599e-02	1.928160e-01	-1.252500e-01
379           	1.589227e-01	4.166125e-01	6.749136e-02	1.926684e-01	-1.251770e-01
380           	1.588216e-01	4.162185e-01	6.731958e-02	1.924813e-01	-1.251618e-01
381           	1.587698e-01	4.158799e-01	6.735186e-02	1.924457e-01	-1.250939e-01
382           	1.587811e-01	4.156249e-01	6.726344e-02	1.924128e-01	-1.251494e-01
383           	1.588331e-01	4.154733e-01	6.728967e-02	1.924779e-01	-1.251883e-01
384           	1.589011e-01	4.153601e-01	6.721248e-02	1.925073e-01	-1.252948e-01
385           	1.589976e-01	4.153552e-01	6.726455e-02	1.926298e-01	-1.253653e-01
386           	1.590786e-01	4.153930e-01	6.723993e-02	1.926985e-01	-1.254586e-01
387           	1.591454e-01	4.155308e-01	6.736043e-02	1.928257e-01	-1.254652e-01
388           	1.591782e-01	4.156974e-01	6.738531e-02	1.928708e-01	-1.254855e-01
389           	1.591746e-01	4.158934e-01	6.753269e-02	1.929410e-01	-1.254083e-01
390           	1.591640e-01	4.161118e-01	6.756422e-02	1.929461e-01	-1.253818e-01
391           	1.591166e-01	4.163230e-01	6.764704e-02	1.929401e-01	-1.252931e-01
392           	1.590350e-01	4.164542e-01	6.754354e-02	1.928068e-01	-1.252633e-01
393           	1.589348e-01	4.165416e-01	6.750509e-02	1.926873e-01	-1.251822e-01
394           	1.587986e-01	4.165223e-01	6.732843e-02	1.924628e-01	-1.251344e-01
395           	1.586419e-01	4.164257e-01	6.726137e-02	1.922726e-01	-1.250112e-01
396           	1.584536e-01	4.162384e-01	6.706428e-02	1.919857e-01	-1.249215e-01
397           	1.582588e-01	4.159807e-01	6.702663e-02	1.917721e-01	-1.247455e-01
398           	1.580807e-01	4.156900e-01	6.686135e-02	1.915114e-01	-1.246500e-01
399           	1.579136e-01	4.153578e-01	6.685514e-02	1.913411e-01	-1.244860e-01
400           	1.577748e-01	4.150077e-01	6.672850e-02	1.911390e-01	-1.244105e-01
401           	1.576561e-01	4.146655e-01	6.673318e-02	1.910227e-01	-1.242895e-01
402           	1.575691e-01	4.143490e-01	6.662131e-02	1.908797e-01	-1.242584e-01
403           	1.574856e-01	4.140553e-01	6.661884e-02	1.907950e-01	-1.241761e-01
404           	1.574180e-01	4.137793e-01	6.653992e-02	1.906879e-01	-1.241480e-01
405           	1.573714e-01	4.135709e-01	6.664437e-02	1.906935e-01	-1.240492e-01
406           	1.573463e-01	4.134063e-01	6.664521e-02	1.906689e-01	-1.240236e-01
407           	1.573244e-01	4.132981e-01	6.675638e-02	1.907025e-01	-1.239462e-01
408           	1.573391e-01	4.132661e-01	6.673469e-02	1.907065e-01	-1.239718e-01
409           	1.573729e-01	4.132926e-01	6.685504e-02	1.908004e-01	-1.239454e-01
410           	1.574344e-01	4.133676e-01	6.683455e-02	1.908516e-01	-1.240171e-01
411           	1.574902e-01	4.134708e-01	6.693802e-02	1.909592e-01	-1.240212e-01
412           	1.575587e-01	4.135917e-01	6.690129e-02	1.910094e-01	-1.241081e-01
413           	1.576204e-01	4.137193e-01	6.697532e-02	1.911080e-01	-1.241327e-01
414           	1.576824e-01	4.138653e-01	6.685709e-02	1.911110e-01	-1.242539e-01
415           	1.576912e-01	4.139360e-01	6.685645e-02	1.911194e-01	-1.242629e-01
416           	1.577242e-01	4.140061e-01	6.674779e-02	1.910981e-01	-1.243503e-01
417           	1.577543e-01	4.140709e-01	6.676250e-02	1.911356e-01	-1.243731e-01
418           	1.577920e-01	4.141214e-01	6.665237e-02	1.911181e-01	-1.244658e-01
419           	1.578082e-01	4.141379e-01	6.662159e-02	1.911190e-01	-1.244974e-01
420           	1.578455e-01	4.141597e-01	6.648906e-02	1.910900e-01	-1.246010e-01
421           	1.578644e-01	4.141358e-01	6.649669e-02	1.911127e-01	-1.246160e-01
422           	1.579027e-01	4.141126e-01	6.639934e-02	1.911024e-01	-1.247030e-01
423           	1.579252e-01	4.140713e-01	6.642672e-02	1.911385e-01	-1.247118e-01
424           	1.579518e-01	4.140267e-01	6.636305e-02	1.911333e-01	-1.247702e-01
425           	1.579505e-01	4.139522e-01	6.639458e-02	1.911478e-01	-1.247532e-01
426           	1.579501e-01	4.138766e-01	6.632923e-02	1.911147e-01	-1.247855e-01
427           	1.579079e-01	4.137458e-01	6.637492e-02	1.910954e-01	-1.247205e-01
428           	1.578958e-01	4.136369e-01	6.636101e-02	1.910763e-01	-1.247153e-01
429           	1.578694e-01	4.135087e-01	6.644540e-02	1.910921e-01	-1.246467e-01
430           	1.578703e-01	4.134278e-01	6.644364e-02	1.910921e-01	-1.246485e-01
431           	1.578409e-01	4.133188e-01	6.649362e-02	1.910877e-01	-1.245940e-01
432           	1.578723e-01	4.132553e-01	6.653451e-02	1.911396e-01	-1.246051e-01
433           	1.578758e-01	4.131890e-01	6.658735e-02	1.911695e-01	-1.245821e-01
434           	1.579642e-01	4.131922e-01	6.665561e-02	1.912920e-01	-1.246364e-01
435           	1.580067e-01	4.131748e-01	6.670962e-02	1.913615e-01	-1.246519e-01
436           	1.581052e-01	4.132331e-01	6.672925e-02	1.914698e-01	-1.247406e-01
437           	1.581445e-01	4.132157e-01	6.678181e-02	1.915354e-01	-1.247536e-01
438           	1.582428e-01	4.132750e-01	6.681648e-02	1.916511e-01	-1.248346e-01
439           	1.582900e-01	4.132683e-01	6.686196e-02	1.917210e-01	-1.248590e-01
440           	1.583828e-01	4.133359e-01	6.688604e-02	1.918259e-01	-1.249398e-01
441           	1.584171e-01	4.133491e-01	6.687580e-02	1.918550e-01	-1.249792e-01
442           	1.584625e-01	4.133847e-01	6.688342e-02	1.919042e-01	-1.250208e-01
443           	1.584636e-01	4.133631e-01	6.687116e-02	1.918991e-01	-1.250280e-01
444           	1.585135e-01	4.133960e-01	6.693018e-02	1.919786e-01	-1.250484e-01
445           	1.584999e-01	4.133603e-01	6.696129e-02	1.919805e-01	-1.250193e-01
446           	1.585048e-01	4.133832e-01	6.694136e-02	1.919754e-01	-1.250341e-01
447           	1.584381e-01	4.132895e-01	6.696133e-02	1.919188e-01	-1.249575e-01
448           	1.584050e-01	4.132349e-01	6.698934e-02	1.918996e-01	-1.249103e-01
449           	1.583203e-01	4.131133e-01	6.701009e-02	1.918253e-01	-1.248152e-01
450           	1.582548e-01	4.129935e-01	6.709767e-02	1.918036e-01	-1.247059e-01
451           	1.581491e-01	4.128057e-01	6.719579e-02	1.917470e-01	-1.245512e-01
452           	1.580871e-01	4.126986e-01	6.726487e-02	1.917195e-01	-1.244547e-01
453           	1.579661e-01	4.125089e-01	6.736651e-02	1.916493e-01	-1.242828e-01
454           	1.578928e-01	4.123783e-01	6.746640e-02	1.916260e-01	-1.241596e-01
455           	1.577775e-01	4.121974e-01	6.759038e-02	1.915727e-01	-1.239824e-01
456           	1.577246e-01	4.120973e-01	6.771588e-02	1.915825e-01	-1.238667e-01
457           	1.576289e-01	4.119628e-01	6.779850e-02	1.915281e-01	-1.237296e-01
458           	1.575709e-01	4.118700e-01	6.789137e-02	1.915166e-01	-1.236253e-01
459           	1.574753e-01	4.117041e-01	6.798488e-02	1.914678e-01	-1.234829e-01
460           	1.574569e-01	4.116413e-01	6.809774e-02	1.915058e-01	-1.234081e-01
461           	1.573993e-01	4.115261e-01	6.817042e-02	1.914845e-01	-1.233141e-01
462           	1.574027e-01	4.114992e-01	6.823971e-02	1.915226e-01	-1.232829e-01
463           	1.573462e-01	4.113873e-01	6.827593e-02	1.914841e-01	-1.232082e-01
464           	1.573529e-01	4.113487e-01	6.835512e-02	1.915304e-01	-1.231753e-01
465           	1.573106e-01	4.112383e-01	6.841523e-02	1.915182e-01	-1.231030e-01
466           	1.573254e-01	4.112138e-01	6.848166e-02	1.915662e-01	-1.230846e-01
467           	1.572773e-01	4.110928e-01	6.853460e-02	1.915446e-01	-1.230100e-01
468           	1.573004e-01	4.110837e-01	6.858552e-02	1.915932e-01	-1.230076e-01
469           	1.572445e-01	4.109717e-01	6.861530e-02	1.915521e-01	-1.229368e-01
470           	1.572474e-01	4.109305e-01	6.867557e-02	1.915851e-01	-1.229096e-01
471           	1.571837e-01	4.107775e-01	6.871651e-02	1.915420e-01	-1.228255e-01
472           	1.572027e-01	4.107603e-01	6.879068e-02	1.915980e-01	-1.228074e-01
473           	1.571444e-01	4.106299e-01	6.880448e-02	1.915466e-01	-1.227421e-01
474           	1.571393e-01	4.105942e-01	6.882814e-02	1.915534e-01	-1.227252e-01
475           	1.570668e-01	4.104394e-01	6.885109e-02	1.914924e-01	-1.226413e-01
476           	1.570726e-01	4.104152e-01	6.889794e-02	1.915216e-01	-1.226237e-01
477           	1.570231e-01	4.102977e-01	6.894974e-02	1.914980e-01	-1.225483e-01
478           	1.570364e-01	4.103054e-01	6.896940e-02	1.915211e-01	-1.225517e-01
479           	1.569939e-01	4.102340e-01	6.901532e-02	1.915016e-01	-1.224863e-01
480           	1.570077e-01	4.102609e-01	6.903073e-02	1.915231e-01	-1.224923e-01
481           	1.569925e-01	4.102599e-01	6.908823e-02	1.915366e-01	-1.224484e-01
482           	1.570323e-01	4.103400e-01	6.911508e-02	1.915898e-01	-1.224747e-01
483           	1.570566e-01	4.104058e-01	6.920021e-02	1.916567e-01	-1.224565e-01
484           	1.571224e-01	4.105405e-01	6.923777e-02	1.917413e-01	-1.225035e-01
485           	1.571346e-01	4.106039e-01	6.930384e-02	1.917866e-01	-1.224827e-01
486           	1.571472e-01	4.106721e-01	6.927136e-02	1.917828e-01	-1.225115e-01
487           	1.571459e-01	4.106822e-01	6.932812e-02	1.918099e-01	-1.224818e-01
488           	1.571852e-01	4.107327e-01	6.931974e-02	1.918451e-01	-1.225254e-01
489           	1.571800e-01	4.107292e-01	6.933948e-02	1.918497e-01	-1.225103e-01
490           	1.571823e-01	4.106982e-01	6.931800e-02	1.918413e-01	-1.225233e-01
491           	1.571773e-01	4.106537e-01	6.938084e-02	1.918677e-01	-1.224869e-01
492           	1.572204e-01	4.106889e-01	6.938325e-02	1.919120e-01	-1.225287e-01
493           	1.572496e-01	4.106873e-01	6.947278e-02	1.919860e-01	-1.225133e-01
494           	1.573024e-01	4.107943e-01	6.940245e-02	1.920037e-01	-1.226012e-01
495           	1.573348e-01	4.107980e-01	6.949473e-02	1.920822e-01	-1.225875e-01
496           	1.574004e-01	4.108890e-01	6.948867e-02	1.921447e-01	-1.226560e-01
497           	1.574571e-01	4.109435e-01	6.955136e-02	1.922328e-01	-1.226814e-01
498           	1.575437e-01	4.110923e-01	6.946374e-02	1.922756e-01	-1.228118e-01
499           	1.576034e-01	4.112074e-01	6.939653e-02	1.923017e-01	-1.229051e-01
500           	1.576809e-01	4.113422e-01	6.920818e-02	1.922850e-01	-1.230768e-01
