# Force coefficients
# liftDir     : (0.000000e+00 0.000000e+00 1.000000e+00)
# dragDir     : (1.000000e+00 0.000000e+00 0.000000e+00)
# pitchAxis   : (0.000000e+00 1.000000e+00 0.000000e+00)
# magUInf     : 2.000000e+01
# lRef        : 1.420000e+00
# Aref        : 7.500000e-01
# CofR        : (7.200000e-01 0.000000e+00 0.000000e+00)
# Time        	Cm            	Cd            	Cl            	Cl(f)         	Cl(r)         
0             	5.093313e-03	1.206207e-02	-1.292170e-04	5.028705e-03	-5.157922e-03
1             	1.274996e+01	3.163522e+01	-5.621759e-01	1.246887e+01	-1.303105e+01
2             	1.364502e+01	3.388945e+01	-9.162365e-01	1.318690e+01	-1.410314e+01
3             	6.467040e+00	2.494297e+01	8.501208e-01	6.892100e+00	-6.041979e+00
4             	-6.207925e+00	2.645447e+00	1.471301e+00	-5.472274e+00	6.943575e+00
5             	-1.855520e+01	-2.421560e+01	1.752459e+00	-1.767897e+01	1.943143e+01
6             	-2.484223e+01	-4.411579e+01	-6.756399e-01	-2.518005e+01	2.450441e+01
7             	-2.445379e+01	-5.162235e+01	-4.477052e+00	-2.669232e+01	2.221526e+01
8             	-1.875977e+01	-4.669056e+01	-9.448374e+00	-2.348395e+01	1.403558e+01
9             	-1.112874e+01	-3.504333e+01	-1.400081e+01	-1.812915e+01	4.128335e+00
10            	-4.509937e+00	-2.249686e+01	-1.661144e+01	-1.281566e+01	-3.795783e+00
11            	-4.067812e-01	-1.289059e+01	-1.677708e+01	-8.795320e+00	-7.981758e+00
12            	9.987258e-01	-7.603057e+00	-1.451714e+01	-6.259845e+00	-8.257296e+00
13            	4.617196e-01	-6.038662e+00	-1.065040e+01	-4.863481e+00	-5.786921e+00
14            	-9.160324e-01	-6.478925e+00	-6.110008e+00	-3.971036e+00	-2.138972e+00
15            	-2.122085e+00	-7.248777e+00	-1.804120e+00	-3.024145e+00	1.220025e+00
16            	-2.764187e+00	-7.791491e+00	1.417146e+00	-2.055614e+00	3.472760e+00
17            	-2.942170e+00	-8.228463e+00	3.327461e+00	-1.278440e+00	4.605901e+00
18            	-2.944605e+00	-8.955258e+00	4.024858e+00	-9.321765e-01	4.957034e+00
19            	-3.049551e+00	-1.012247e+01	4.027172e+00	-1.035965e+00	5.063137e+00
20            	-3.343739e+00	-1.160327e+01	3.869176e+00	-1.409151e+00	5.278327e+00
21            	-3.752166e+00	-1.299582e+01	3.965020e+00	-1.769656e+00	5.734676e+00
22            	-4.141455e+00	-1.407135e+01	4.357927e+00	-1.962491e+00	6.320418e+00
23            	-4.388115e+00	-1.469147e+01	4.872596e+00	-1.951817e+00	6.824413e+00
24            	-4.485750e+00	-1.495358e+01	5.446064e+00	-1.762718e+00	7.208781e+00
25            	-4.450178e+00	-1.504218e+01	5.756977e+00	-1.571690e+00	7.328667e+00
26            	-4.322238e+00	-1.509132e+01	5.601554e+00	-1.521461e+00	7.123015e+00
27            	-4.158629e+00	-1.513047e+01	5.052257e+00	-1.632500e+00	6.684757e+00
28            	-3.972251e+00	-1.505026e+01	4.265281e+00	-1.839610e+00	6.104891e+00
29            	-3.749400e+00	-1.470724e+01	3.477577e+00	-2.010611e+00	5.488189e+00
30            	-3.471112e+00	-1.400210e+01	2.851065e+00	-2.045579e+00	4.896645e+00
31            	-3.176676e+00	-1.306086e+01	2.496226e+00	-1.928563e+00	4.424788e+00
32            	-2.887041e+00	-1.197754e+01	2.424459e+00	-1.674812e+00	4.099271e+00
33            	-2.615080e+00	-1.084243e+01	2.571561e+00	-1.329300e+00	3.900861e+00
34            	-2.353110e+00	-9.700776e+00	2.780929e+00	-9.626451e-01	3.743574e+00
35            	-2.090979e+00	-8.565727e+00	2.933991e+00	-6.239838e-01	3.557975e+00
36            	-1.837595e+00	-7.482009e+00	2.996797e+00	-3.391962e-01	3.335993e+00
37            	-1.581135e+00	-6.430596e+00	2.940567e+00	-1.108515e-01	3.051418e+00
38            	-1.319470e+00	-5.408221e+00	2.765434e+00	6.324726e-02	2.702187e+00
39            	-1.064321e+00	-4.448989e+00	2.470377e+00	1.708673e-01	2.299510e+00
40            	-8.332878e-01	-3.591914e+00	2.090791e+00	2.121077e-01	1.878683e+00
41            	-6.296767e-01	-2.833602e+00	1.653287e+00	1.969670e-01	1.456320e+00
42            	-4.713100e-01	-2.205348e+00	1.220911e+00	1.391452e-01	1.081765e+00
43            	-3.727143e-01	-1.729929e+00	8.499177e-01	5.224457e-02	7.976731e-01
44            	-3.438198e-01	-1.420898e+00	5.795056e-01	-5.406702e-02	6.335726e-01
45            	-3.750745e-01	-1.255027e+00	4.114882e-01	-1.693304e-01	5.808186e-01
46            	-4.403139e-01	-1.190060e+00	3.055443e-01	-2.875418e-01	5.930861e-01
47            	-5.089606e-01	-1.170524e+00	2.137068e-01	-4.021073e-01	6.158140e-01
48            	-5.479160e-01	-1.133741e+00	9.155349e-02	-5.021392e-01	5.936927e-01
49            	-5.561017e-01	-1.080875e+00	-5.845251e-02	-5.853279e-01	5.268754e-01
50            	-5.415806e-01	-1.024336e+00	-2.167838e-01	-6.499725e-01	4.331887e-01
51            	-5.137559e-01	-9.766785e-01	-3.602173e-01	-6.938645e-01	3.336473e-01
52            	-4.829031e-01	-9.453416e-01	-4.628021e-01	-7.143041e-01	2.515020e-01
53            	-4.565507e-01	-9.387007e-01	-5.194541e-01	-7.162778e-01	1.968237e-01
54            	-4.324434e-01	-9.441601e-01	-5.410435e-01	-7.029651e-01	1.619216e-01
55            	-4.046951e-01	-9.459965e-01	-5.429880e-01	-6.761890e-01	1.332011e-01
56            	-3.694279e-01	-9.329239e-01	-5.347406e-01	-6.367983e-01	1.020576e-01
57            	-3.241473e-01	-8.958164e-01	-5.224413e-01	-5.853680e-01	6.292671e-02
58            	-2.692658e-01	-8.346584e-01	-5.090295e-01	-5.237805e-01	1.475101e-02
59            	-2.063581e-01	-7.533644e-01	-4.902520e-01	-4.514841e-01	-3.876791e-02
60            	-1.391502e-01	-6.595629e-01	-4.670278e-01	-3.726641e-01	-9.436366e-02
61            	-7.421812e-02	-5.657094e-01	-4.408754e-01	-2.946558e-01	-1.462196e-01
62            	-1.649447e-02	-4.789113e-01	-4.112851e-01	-2.221370e-01	-1.891481e-01
63            	3.231283e-02	-4.003847e-01	-3.810621e-01	-1.582182e-01	-2.228439e-01
64            	7.245176e-02	-3.275257e-01	-3.512376e-01	-1.031670e-01	-2.480706e-01
65            	1.050568e-01	-2.575845e-01	-3.230523e-01	-5.646932e-02	-2.665829e-01
66            	1.307989e-01	-1.926532e-01	-2.967863e-01	-1.759427e-02	-2.791921e-01
67            	1.506863e-01	-1.345379e-01	-2.722565e-01	1.455807e-02	-2.868146e-01
68            	1.655002e-01	-8.516110e-02	-2.498276e-01	4.058633e-02	-2.904140e-01
69            	1.762318e-01	-4.569812e-02	-2.283389e-01	6.206235e-02	-2.904013e-01
70            	1.833086e-01	-1.634924e-02	-2.071718e-01	7.972274e-02	-2.868945e-01
71            	1.876709e-01	3.770915e-03	-1.855087e-01	9.491656e-02	-2.804253e-01
72            	1.902042e-01	1.690078e-02	-1.645170e-01	1.079458e-01	-2.724627e-01
73            	1.912862e-01	2.668671e-02	-1.475177e-01	1.175273e-01	-2.650451e-01
74            	1.919757e-01	3.530515e-02	-1.354347e-01	1.242584e-01	-2.596931e-01
75            	1.923599e-01	4.391163e-02	-1.286018e-01	1.280590e-01	-2.566608e-01
76            	1.927017e-01	5.396880e-02	-1.251585e-01	1.301225e-01	-2.552810e-01
77            	1.929976e-01	6.636574e-02	-1.222514e-01	1.318719e-01	-2.541233e-01
78            	1.926272e-01	8.070988e-02	-1.163870e-01	1.344337e-01	-2.508207e-01
79            	1.916766e-01	9.725325e-02	-1.047331e-01	1.393100e-01	-2.440431e-01
80            	1.903614e-01	1.160038e-01	-8.576129e-02	1.474807e-01	-2.332420e-01
81            	1.885256e-01	1.359568e-01	-5.988776e-02	1.585818e-01	-2.184695e-01
82            	1.860510e-01	1.556052e-01	-2.941275e-02	1.713446e-01	-2.007573e-01
83            	1.828776e-01	1.743982e-01	2.707353e-03	1.842313e-01	-1.815239e-01
84            	1.791661e-01	1.922318e-01	3.420285e-02	1.962675e-01	-1.620647e-01
85            	1.751744e-01	2.091357e-01	6.327824e-02	2.068135e-01	-1.435353e-01
86            	1.715971e-01	2.260097e-01	8.866061e-02	2.159274e-01	-1.272668e-01
87            	1.689803e-01	2.438715e-01	1.098036e-01	2.238821e-01	-1.140785e-01
88            	1.671458e-01	2.623205e-01	1.269163e-01	2.306039e-01	-1.036876e-01
89            	1.658320e-01	2.804138e-01	1.414217e-01	2.365429e-01	-9.512119e-02
90            	1.646805e-01	2.970676e-01	1.544410e-01	2.419010e-01	-8.745998e-02
91            	1.633664e-01	3.113258e-01	1.667157e-01	2.467243e-01	-8.000859e-02
92            	1.615848e-01	3.226353e-01	1.782999e-01	2.507347e-01	-7.243479e-02
93            	1.591223e-01	3.309579e-01	1.886632e-01	2.534539e-01	-6.479073e-02
94            	1.558095e-01	3.363224e-01	1.972613e-01	2.544402e-01	-5.717884e-02
95            	1.515653e-01	3.383811e-01	2.029305e-01	2.530305e-01	-5.010005e-02
96            	1.464372e-01	3.368192e-01	2.045474e-01	2.487109e-01	-4.416357e-02
97            	1.402139e-01	3.312911e-01	2.018116e-01	2.411197e-01	-3.930815e-02
98            	1.325419e-01	3.213822e-01	1.951933e-01	2.301385e-01	-3.494527e-02
99            	1.232837e-01	3.069980e-01	1.856407e-01	2.161040e-01	-3.046329e-02
100           	1.130616e-01	2.895656e-01	1.739630e-01	2.000431e-01	-2.608009e-02
101           	1.030435e-01	2.718136e-01	1.611069e-01	1.835970e-01	-2.249011e-02
102           	9.417602e-02	2.559655e-01	1.487482e-01	1.685501e-01	-1.980191e-02
103           	8.715639e-02	2.436235e-01	1.385323e-01	1.564225e-01	-1.789024e-02
104           	8.288683e-02	2.365723e-01	1.320569e-01	1.489153e-01	-1.685836e-02
105           	8.132317e-02	2.344943e-01	1.305861e-01	1.466162e-01	-1.603010e-02
106           	8.249621e-02	2.371579e-01	1.339319e-01	1.494621e-01	-1.553028e-02
107           	8.439755e-02	2.397988e-01	1.411818e-01	1.549884e-01	-1.380666e-02
108           	8.685283e-02	2.425442e-01	1.492345e-01	1.614701e-01	-1.223557e-02
109           	8.913166e-02	2.448147e-01	1.556652e-01	1.669643e-01	-1.129906e-02
110           	9.123471e-02	2.470711e-01	1.575336e-01	1.700015e-01	-1.246790e-02
111           	9.313818e-02	2.496290e-01	1.543331e-01	1.703047e-01	-1.597164e-02
112           	9.513739e-02	2.530973e-01	1.467334e-01	1.685041e-01	-2.177070e-02
113           	9.755076e-02	2.578419e-01	1.365890e-01	1.658453e-01	-2.925624e-02
114           	1.004847e-01	2.635463e-01	1.259999e-01	1.634847e-01	-3.748476e-02
115           	1.038939e-01	2.696101e-01	1.168220e-01	1.623050e-01	-4.548292e-02
116           	1.076734e-01	2.754824e-01	1.099684e-01	1.626576e-01	-5.268920e-02
117           	1.116540e-01	2.807721e-01	1.050525e-01	1.641803e-01	-5.912779e-02
118           	1.156516e-01	2.853222e-01	1.008774e-01	1.660903e-01	-6.521292e-02
119           	1.195934e-01	2.893532e-01	9.631789e-02	1.677523e-01	-7.143444e-02
120           	1.239029e-01	2.940421e-01	9.019413e-02	1.690000e-01	-7.880582e-02
121           	1.284809e-01	2.993026e-01	8.271172e-02	1.698367e-01	-8.712500e-02
122           	1.328491e-01	3.047168e-01	7.557495e-02	1.706366e-01	-9.506165e-02
123           	1.369837e-01	3.103529e-01	7.002861e-02	1.719980e-01	-1.019694e-01
124           	1.405871e-01	3.158128e-01	6.723143e-02	1.742028e-01	-1.069714e-01
125           	1.437436e-01	3.211206e-01	6.724999e-02	1.773686e-01	-1.101186e-01
126           	1.465470e-01	3.261878e-01	6.921817e-02	1.811561e-01	-1.119380e-01
127           	1.490111e-01	3.306976e-01	7.171459e-02	1.848684e-01	-1.131539e-01
128           	1.511424e-01	3.344133e-01	7.345512e-02	1.878700e-01	-1.144149e-01
129           	1.527362e-01	3.366975e-01	7.351757e-02	1.894950e-01	-1.159774e-01
130           	1.536917e-01	3.373250e-01	7.165312e-02	1.895182e-01	-1.178651e-01
131           	1.539728e-01	3.364130e-01	6.815414e-02	1.880498e-01	-1.198957e-01
132           	1.536845e-01	3.343608e-01	6.354604e-02	1.854575e-01	-1.219115e-01
133           	1.530285e-01	3.316678e-01	5.851619e-02	1.822866e-01	-1.237704e-01
134           	1.521530e-01	3.287348e-01	5.348529e-02	1.788957e-01	-1.254104e-01
135           	1.513379e-01	3.261309e-01	4.863782e-02	1.756569e-01	-1.270190e-01
136           	1.506804e-01	3.240705e-01	4.403425e-02	1.726975e-01	-1.286633e-01
137           	1.501599e-01	3.224198e-01	3.970011e-02	1.700099e-01	-1.303098e-01
138           	1.496979e-01	3.208366e-01	3.551485e-02	1.674553e-01	-1.319404e-01
139           	1.491942e-01	3.189611e-01	3.127095e-02	1.648297e-01	-1.335588e-01
140           	1.484904e-01	3.163846e-01	2.683660e-02	1.619087e-01	-1.350721e-01
141           	1.474123e-01	3.128513e-01	2.206738e-02	1.584460e-01	-1.363787e-01
142           	1.459477e-01	3.084558e-01	1.699672e-02	1.544461e-01	-1.374494e-01
143           	1.442089e-01	3.035573e-01	1.180966e-02	1.501137e-01	-1.383041e-01
144           	1.423781e-01	2.986975e-01	6.816361e-03	1.457862e-01	-1.389699e-01
145           	1.405888e-01	2.941985e-01	2.223707e-03	1.417006e-01	-1.394769e-01
146           	1.389521e-01	2.902697e-01	-1.932781e-03	1.379857e-01	-1.399185e-01
147           	1.375313e-01	2.868770e-01	-5.757212e-03	1.346527e-01	-1.404099e-01
148           	1.363897e-01	2.838762e-01	-9.346060e-03	1.317166e-01	-1.410627e-01
149           	1.355274e-01	2.810549e-01	-1.282027e-02	1.291172e-01	-1.419375e-01
150           	1.348724e-01	2.782266e-01	-1.626901e-02	1.267379e-01	-1.430069e-01
151           	1.343108e-01	2.752434e-01	-1.958691e-02	1.245174e-01	-1.441043e-01
152           	1.337719e-01	2.721049e-01	-2.254720e-02	1.224983e-01	-1.450455e-01
153           	1.333085e-01	2.690359e-01	-2.499077e-02	1.208131e-01	-1.458039e-01
154           	1.329894e-01	2.662871e-01	-2.685240e-02	1.195632e-01	-1.464156e-01
155           	1.328408e-01	2.639914e-01	-2.805062e-02	1.188155e-01	-1.468661e-01
156           	1.328700e-01	2.622031e-01	-2.856075e-02	1.185896e-01	-1.471503e-01
157           	1.330535e-01	2.608469e-01	-2.843114e-02	1.188379e-01	-1.472690e-01
158           	1.333628e-01	2.598336e-01	-2.775455e-02	1.194856e-01	-1.472401e-01
159           	1.337497e-01	2.590337e-01	-2.664319e-02	1.204281e-01	-1.470713e-01
160           	1.341468e-01	2.583021e-01	-2.520161e-02	1.215460e-01	-1.467476e-01
161           	1.344894e-01	2.575253e-01	-2.351158e-02	1.227337e-01	-1.462452e-01
162           	1.347444e-01	2.566272e-01	-2.164976e-02	1.239195e-01	-1.455692e-01
163           	1.349023e-01	2.555629e-01	-1.968120e-02	1.250617e-01	-1.447429e-01
164           	1.349734e-01	2.543478e-01	-1.762551e-02	1.261606e-01	-1.437861e-01
165           	1.350187e-01	2.530845e-01	-1.552371e-02	1.272568e-01	-1.427805e-01
166           	1.350413e-01	2.518397e-01	-1.338808e-02	1.283472e-01	-1.417353e-01
167           	1.350385e-01	2.506797e-01	-1.123690e-02	1.294201e-01	-1.406570e-01
168           	1.349913e-01	2.496903e-01	-9.146589e-03	1.304180e-01	-1.395646e-01
169           	1.349231e-01	2.490127e-01	-7.026514e-03	1.314098e-01	-1.384363e-01
170           	1.347955e-01	2.484887e-01	-4.928902e-03	1.323311e-01	-1.372600e-01
171           	1.345914e-01	2.480052e-01	-2.760336e-03	1.332113e-01	-1.359716e-01
172           	1.342679e-01	2.473953e-01	-5.342417e-04	1.340008e-01	-1.345350e-01
173           	1.338190e-01	2.466255e-01	1.813813e-03	1.347259e-01	-1.329121e-01
174           	1.332591e-01	2.456941e-01	4.326844e-03	1.354226e-01	-1.310957e-01
175           	1.326165e-01	2.446831e-01	7.116492e-03	1.361747e-01	-1.290582e-01
176           	1.319357e-01	2.436607e-01	1.020128e-02	1.370363e-01	-1.268351e-01
177           	1.312499e-01	2.426698e-01	1.351584e-02	1.380079e-01	-1.244920e-01
178           	1.305676e-01	2.417374e-01	1.705182e-02	1.390935e-01	-1.220417e-01
179           	1.299025e-01	2.408441e-01	2.065614e-02	1.402305e-01	-1.195744e-01
180           	1.292635e-01	2.399344e-01	2.416503e-02	1.413460e-01	-1.171809e-01
181           	1.286397e-01	2.389996e-01	2.759528e-02	1.424373e-01	-1.148421e-01
182           	1.280348e-01	2.380540e-01	3.097311e-02	1.435214e-01	-1.125483e-01
183           	1.274621e-01	2.371000e-01	3.426799e-02	1.445961e-01	-1.103281e-01
184           	1.269111e-01	2.361785e-01	3.756105e-02	1.456916e-01	-1.081306e-01
185           	1.263692e-01	2.353210e-01	4.086485e-02	1.468016e-01	-1.059368e-01
186           	1.258279e-01	2.345367e-01	4.414807e-02	1.479019e-01	-1.037538e-01
187           	1.252792e-01	2.338271e-01	4.743060e-02	1.489945e-01	-1.015639e-01
188           	1.247427e-01	2.332091e-01	5.069742e-02	1.500914e-01	-9.939397e-02
189           	1.242296e-01	2.326746e-01	5.393061e-02	1.511949e-01	-9.726430e-02
190           	1.238432e-01	2.322472e-01	5.680970e-02	1.522481e-01	-9.543835e-02
191           	1.235116e-01	2.318477e-01	5.945495e-02	1.532391e-01	-9.378411e-02
192           	1.231928e-01	2.314529e-01	6.194603e-02	1.541658e-01	-9.221975e-02
193           	1.228738e-01	2.311036e-01	6.444062e-02	1.550941e-01	-9.065346e-02
194           	1.225742e-01	2.308676e-01	6.702602e-02	1.560872e-01	-8.906118e-02
195           	1.223109e-01	2.307676e-01	6.969349e-02	1.571577e-01	-8.746417e-02
196           	1.219168e-01	2.302622e-01	7.267246e-02	1.582530e-01	-8.558056e-02
197           	1.213852e-01	2.294162e-01	7.582351e-02	1.592969e-01	-8.347342e-02
198           	1.207695e-01	2.284034e-01	7.891413e-02	1.602266e-01	-8.131245e-02
199           	1.201652e-01	2.274664e-01	8.179800e-02	1.610642e-01	-7.926622e-02
200           	1.196690e-01	2.268136e-01	8.434448e-02	1.618412e-01	-7.749677e-02
201           	1.193545e-01	2.265846e-01	8.651997e-02	1.626144e-01	-7.609447e-02
202           	1.192484e-01	2.268117e-01	8.840431e-02	1.634505e-01	-7.504620e-02
203           	1.193233e-01	2.273948e-01	9.012207e-02	1.643843e-01	-7.426225e-02
204           	1.195186e-01	2.281710e-01	9.180602e-02	1.654216e-01	-7.361563e-02
205           	1.197434e-01	2.289548e-01	9.355601e-02	1.665214e-01	-7.296537e-02
206           	1.199321e-01	2.296453e-01	9.542843e-02	1.676463e-01	-7.221787e-02
207           	1.200300e-01	2.301848e-01	9.739619e-02	1.687281e-01	-7.133192e-02
208           	1.200188e-01	2.305905e-01	9.939879e-02	1.697182e-01	-7.031940e-02
209           	1.199212e-01	2.309444e-01	1.013580e-01	1.706002e-01	-6.924223e-02
210           	1.198115e-01	2.313806e-01	1.031761e-01	1.713996e-01	-6.822345e-02
211           	1.197819e-01	2.320350e-01	1.047889e-01	1.721763e-01	-6.738743e-02
212           	1.198807e-01	2.329690e-01	1.061765e-01	1.729689e-01	-6.679238e-02
213           	1.200958e-01	2.341530e-01	1.073813e-01	1.737864e-01	-6.640512e-02
214           	1.203987e-01	2.355299e-01	1.084715e-01	1.746345e-01	-6.616298e-02
215           	1.210092e-01	2.378991e-01	1.092782e-01	1.756483e-01	-6.637008e-02
216           	1.218123e-01	2.408522e-01	1.099058e-01	1.767652e-01	-6.685943e-02
217           	1.226327e-01	2.438703e-01	1.105217e-01	1.778935e-01	-6.737187e-02
218           	1.232840e-01	2.464641e-01	1.111600e-01	1.788640e-01	-6.770400e-02
219           	1.237475e-01	2.485707e-01	1.118279e-01	1.796614e-01	-6.783354e-02
220           	1.240692e-01	2.503781e-01	1.125143e-01	1.803263e-01	-6.781205e-02
221           	1.243711e-01	2.522440e-01	1.132425e-01	1.809924e-01	-6.774991e-02
222           	1.247482e-01	2.544451e-01	1.139742e-01	1.817353e-01	-6.776111e-02
223           	1.252572e-01	2.570491e-01	1.144668e-01	1.824906e-01	-6.802380e-02
224           	1.259541e-01	2.601727e-01	1.147721e-01	1.833401e-01	-6.856809e-02
225           	1.268020e-01	2.636092e-01	1.147233e-01	1.841636e-01	-6.944035e-02
226           	1.278025e-01	2.673605e-01	1.145106e-01	1.850578e-01	-7.054717e-02
227           	1.288814e-01	2.712379e-01	1.141501e-01	1.859565e-01	-7.180632e-02
228           	1.299989e-01	2.751539e-01	1.136573e-01	1.868275e-01	-7.317021e-02
229           	1.311182e-01	2.791813e-01	1.133509e-01	1.877937e-01	-7.444278e-02
230           	1.322054e-01	2.832317e-01	1.131692e-01	1.887900e-01	-7.562084e-02
231           	1.332745e-01	2.873303e-01	1.130711e-01	1.898101e-01	-7.673899e-02
232           	1.343429e-01	2.915067e-01	1.130080e-01	1.908469e-01	-7.783891e-02
233           	1.354302e-01	2.957984e-01	1.129166e-01	1.918885e-01	-7.897189e-02
234           	1.365736e-01	3.002446e-01	1.127515e-01	1.929493e-01	-8.019781e-02
235           	1.377957e-01	3.048611e-01	1.125009e-01	1.940461e-01	-8.154525e-02
236           	1.390870e-01	3.096228e-01	1.121674e-01	1.951707e-01	-8.300327e-02
237           	1.404267e-01	3.144724e-01	1.116903e-01	1.962718e-01	-8.458153e-02
238           	1.417548e-01	3.193798e-01	1.112479e-01	1.973787e-01	-8.613081e-02
239           	1.430583e-01	3.242735e-01	1.107396e-01	1.984281e-01	-8.768853e-02
240           	1.443445e-01	3.291307e-01	1.100963e-01	1.993926e-01	-8.929637e-02
241           	1.455758e-01	3.339417e-01	1.095324e-01	2.003420e-01	-9.080961e-02
242           	1.467562e-01	3.386597e-01	1.090438e-01	2.012781e-01	-9.223430e-02
243           	1.479078e-01	3.432755e-01	1.085840e-01	2.021998e-01	-9.361580e-02
244           	1.490030e-01	3.477842e-01	1.082166e-01	2.031113e-01	-9.489468e-02
245           	1.500581e-01	3.521811e-01	1.078000e-01	2.039582e-01	-9.615814e-02
246           	1.510902e-01	3.564709e-01	1.072236e-01	2.047020e-01	-9.747839e-02
247           	1.520649e-01	3.606345e-01	1.065445e-01	2.053371e-01	-9.879258e-02
248           	1.530096e-01	3.646828e-01	1.057099e-01	2.058646e-01	-1.001547e-01
249           	1.539451e-01	3.686298e-01	1.047355e-01	2.063128e-01	-1.015774e-01
250           	1.548613e-01	3.724972e-01	1.037819e-01	2.067522e-01	-1.029703e-01
251           	1.557625e-01	3.762581e-01	1.028170e-01	2.071710e-01	-1.043540e-01
252           	1.566353e-01	3.798851e-01	1.018753e-01	2.075729e-01	-1.056976e-01
253           	1.574755e-01	3.833560e-01	1.009347e-01	2.079429e-01	-1.070082e-01
254           	1.582889e-01	3.867187e-01	1.001301e-01	2.083539e-01	-1.082238e-01
255           	1.590679e-01	3.899398e-01	9.943980e-02	2.087878e-01	-1.093480e-01
256           	1.598151e-01	3.930254e-01	9.888756e-02	2.092589e-01	-1.103714e-01
257           	1.605288e-01	3.959809e-01	9.845498e-02	2.097563e-01	-1.113013e-01
258           	1.612149e-01	3.988177e-01	9.811134e-02	2.102705e-01	-1.121592e-01
259           	1.618781e-01	4.015497e-01	9.779890e-02	2.107775e-01	-1.129786e-01
260           	1.625255e-01	4.041902e-01	9.748814e-02	2.112696e-01	-1.137814e-01
261           	1.631545e-01	4.067404e-01	9.714146e-02	2.117252e-01	-1.145838e-01
262           	1.637620e-01	4.091970e-01	9.676443e-02	2.121442e-01	-1.153798e-01
263           	1.643426e-01	4.115561e-01	9.634371e-02	2.125144e-01	-1.161707e-01
264           	1.648856e-01	4.138024e-01	9.588943e-02	2.128303e-01	-1.169409e-01
265           	1.653816e-01	4.159308e-01	9.540848e-02	2.130858e-01	-1.176774e-01
266           	1.658317e-01	4.179407e-01	9.491568e-02	2.132895e-01	-1.183738e-01
267           	1.662381e-01	4.198416e-01	9.437880e-02	2.134275e-01	-1.190487e-01
268           	1.666223e-01	4.216637e-01	9.378196e-02	2.135133e-01	-1.197314e-01
269           	1.669878e-01	4.234134e-01	9.308167e-02	2.135287e-01	-1.204470e-01
270           	1.673326e-01	4.250841e-01	9.227300e-02	2.134691e-01	-1.211961e-01
271           	1.676385e-01	4.266545e-01	9.132607e-02	2.133016e-01	-1.219755e-01
272           	1.679023e-01	4.281091e-01	9.025714e-02	2.130309e-01	-1.227737e-01
273           	1.681157e-01	4.294378e-01	8.903478e-02	2.126331e-01	-1.235983e-01
274           	1.682935e-01	4.306574e-01	8.766100e-02	2.121240e-01	-1.244630e-01
275           	1.684324e-01	4.317604e-01	8.611926e-02	2.114921e-01	-1.253728e-01
276           	1.685234e-01	4.327140e-01	8.444310e-02	2.107449e-01	-1.263018e-01
277           	1.685920e-01	4.335675e-01	8.261991e-02	2.099020e-01	-1.272821e-01
278           	1.686580e-01	4.344953e-01	8.117288e-02	2.092444e-01	-1.280715e-01
279           	1.687260e-01	4.355049e-01	7.970685e-02	2.085794e-01	-1.288726e-01
280           	1.687843e-01	4.364310e-01	7.800051e-02	2.077845e-01	-1.297840e-01
281           	1.687475e-01	4.370470e-01	7.598067e-02	2.067378e-01	-1.307572e-01
282           	1.686088e-01	4.372715e-01	7.361106e-02	2.054143e-01	-1.318032e-01
283           	1.682973e-01	4.369942e-01	7.094455e-02	2.037695e-01	-1.328250e-01
284           	1.678250e-01	4.362799e-01	6.811336e-02	2.018816e-01	-1.337683e-01
285           	1.672267e-01	4.352718e-01	6.525307e-02	1.998533e-01	-1.346002e-01
286           	1.665105e-01	4.340495e-01	6.251382e-02	1.977674e-01	-1.352536e-01
287           	1.657956e-01	4.328696e-01	5.995265e-02	1.957719e-01	-1.358193e-01
288           	1.650797e-01	4.317217e-01	5.758976e-02	1.938746e-01	-1.362848e-01
289           	1.644149e-01	4.306794e-01	5.534172e-02	1.920858e-01	-1.367441e-01
290           	1.637832e-01	4.296586e-01	5.314971e-02	1.903581e-01	-1.372084e-01
291           	1.632032e-01	4.286592e-01	5.093308e-02	1.886698e-01	-1.377367e-01
292           	1.626350e-01	4.275744e-01	4.866501e-02	1.869675e-01	-1.383025e-01
293           	1.620989e-01	4.264343e-01	4.630574e-02	1.852518e-01	-1.389461e-01
294           	1.615519e-01	4.251654e-01	4.389313e-02	1.834984e-01	-1.396053e-01
295           	1.610022e-01	4.238078e-01	4.144067e-02	1.817225e-01	-1.402819e-01
296           	1.604833e-01	4.224435e-01	3.900701e-02	1.799868e-01	-1.409798e-01
297           	1.599390e-01	4.209946e-01	3.663429e-02	1.782561e-01	-1.416219e-01
298           	1.594102e-01	4.195330e-01	3.435773e-02	1.765890e-01	-1.422313e-01
299           	1.589423e-01	4.181430e-01	3.217900e-02	1.750318e-01	-1.428528e-01
300           	1.585017e-01	4.167535e-01	3.014177e-02	1.735726e-01	-1.434308e-01
301           	1.581089e-01	4.153949e-01	2.823578e-02	1.722268e-01	-1.439910e-01
302           	1.578111e-01	4.140304e-01	2.654047e-02	1.710813e-01	-1.445408e-01
303           	1.575167e-01	4.126007e-01	2.502909e-02	1.700313e-01	-1.450022e-01
304           	1.572318e-01	4.112107e-01	2.365205e-02	1.690579e-01	-1.454058e-01
305           	1.569817e-01	4.099600e-01	2.236574e-02	1.681645e-01	-1.457988e-01
306           	1.567501e-01	4.088215e-01	2.118354e-02	1.673418e-01	-1.461583e-01
307           	1.565376e-01	4.077696e-01	2.008413e-02	1.665797e-01	-1.464955e-01
308           	1.563625e-01	4.067915e-01	1.906309e-02	1.658940e-01	-1.468309e-01
309           	1.562469e-01	4.059025e-01	1.810776e-02	1.653008e-01	-1.471930e-01
310           	1.561718e-01	4.050527e-01	1.725031e-02	1.647970e-01	-1.475466e-01
311           	1.561068e-01	4.041939e-01	1.649395e-02	1.643538e-01	-1.478598e-01
312           	1.560704e-01	4.033771e-01	1.582912e-02	1.639850e-01	-1.481559e-01
313           	1.560314e-01	4.025752e-01	1.525492e-02	1.636589e-01	-1.484040e-01
314           	1.559716e-01	4.017726e-01	1.478408e-02	1.633636e-01	-1.485796e-01
315           	1.559131e-01	4.010067e-01	1.439327e-02	1.631097e-01	-1.487164e-01
316           	1.558469e-01	4.002609e-01	1.409300e-02	1.628934e-01	-1.488004e-01
317           	1.557799e-01	3.995444e-01	1.387511e-02	1.627174e-01	-1.488423e-01
318           	1.557344e-01	3.988907e-01	1.374159e-02	1.626052e-01	-1.488637e-01
319           	1.557251e-01	3.983251e-01	1.368143e-02	1.625658e-01	-1.488844e-01
320           	1.557471e-01	3.978373e-01	1.368696e-02	1.625906e-01	-1.489036e-01
321           	1.557968e-01	3.974224e-01	1.374913e-02	1.626714e-01	-1.489222e-01
322           	1.558753e-01	3.970736e-01	1.385146e-02	1.628010e-01	-1.489495e-01
323           	1.559771e-01	3.967800e-01	1.397382e-02	1.629640e-01	-1.489902e-01
324           	1.560949e-01	3.965351e-01	1.414359e-02	1.631667e-01	-1.490231e-01
325           	1.562076e-01	3.963111e-01	1.437954e-02	1.633974e-01	-1.490178e-01
326           	1.563390e-01	3.961523e-01	1.469028e-02	1.636841e-01	-1.489938e-01
327           	1.564680e-01	3.960233e-01	1.507345e-02	1.640047e-01	-1.489313e-01
328           	1.566067e-01	3.959355e-01	1.551828e-02	1.643658e-01	-1.488476e-01
329           	1.567605e-01	3.958939e-01	1.600800e-02	1.647645e-01	-1.487565e-01
330           	1.569683e-01	3.959608e-01	1.653277e-02	1.652346e-01	-1.487019e-01
331           	1.572101e-01	3.961102e-01	1.709340e-02	1.657568e-01	-1.486634e-01
332           	1.574833e-01	3.963417e-01	1.769637e-02	1.663314e-01	-1.486351e-01
333           	1.577703e-01	3.966336e-01	1.834113e-02	1.669408e-01	-1.485997e-01
334           	1.580976e-01	3.970294e-01	1.901992e-02	1.676076e-01	-1.485876e-01
335           	1.584481e-01	3.975018e-01	1.973166e-02	1.683139e-01	-1.485823e-01
336           	1.588141e-01	3.980319e-01	2.048522e-02	1.690567e-01	-1.485715e-01
337           	1.592170e-01	3.986585e-01	2.126693e-02	1.698505e-01	-1.485835e-01
338           	1.596301e-01	3.993315e-01	2.209357e-02	1.706769e-01	-1.485833e-01
339           	1.600710e-01	4.000818e-01	2.295047e-02	1.715463e-01	-1.485958e-01
340           	1.605065e-01	4.008469e-01	2.385537e-02	1.724342e-01	-1.485788e-01
341           	1.609420e-01	4.016418e-01	2.480217e-02	1.733431e-01	-1.485409e-01
342           	1.613487e-01	4.024103e-01	2.580857e-02	1.742530e-01	-1.484444e-01
343           	1.617448e-01	4.031764e-01	2.684648e-02	1.751681e-01	-1.483216e-01
344           	1.621178e-01	4.039018e-01	2.791566e-02	1.760757e-01	-1.481600e-01
345           	1.624903e-01	4.046205e-01	2.898516e-02	1.769829e-01	-1.479977e-01
346           	1.628494e-01	4.053002e-01	3.006152e-02	1.778801e-01	-1.478186e-01
347           	1.632060e-01	4.059635e-01	3.112542e-02	1.787688e-01	-1.476433e-01
348           	1.635732e-01	4.066338e-01	3.218611e-02	1.796662e-01	-1.474801e-01
349           	1.639175e-01	4.072665e-01	3.324535e-02	1.805402e-01	-1.472948e-01
350           	1.642501e-01	4.078835e-01	3.431534e-02	1.814078e-01	-1.470925e-01
351           	1.645711e-01	4.084899e-01	3.537310e-02	1.822576e-01	-1.468845e-01
352           	1.648577e-01	4.090430e-01	3.642122e-02	1.830683e-01	-1.466471e-01
353           	1.651248e-01	4.095666e-01	3.741829e-02	1.838339e-01	-1.464156e-01
354           	1.653960e-01	4.100984e-01	3.836613e-02	1.845791e-01	-1.462130e-01
355           	1.656502e-01	4.106018e-01	3.924785e-02	1.852741e-01	-1.460262e-01
356           	1.659010e-01	4.110949e-01	4.006755e-02	1.859348e-01	-1.458672e-01
357           	1.661578e-01	4.115991e-01	4.081666e-02	1.865661e-01	-1.457495e-01
358           	1.664065e-01	4.120867e-01	4.150931e-02	1.871611e-01	-1.456518e-01
359           	1.666411e-01	4.125566e-01	4.213925e-02	1.877107e-01	-1.455715e-01
360           	1.668697e-01	4.130285e-01	4.272835e-02	1.882339e-01	-1.455055e-01
361           	1.670987e-01	4.135237e-01	4.327558e-02	1.887365e-01	-1.454609e-01
362           	1.673213e-01	4.140309e-01	4.380275e-02	1.892227e-01	-1.454199e-01
363           	1.675315e-01	4.145411e-01	4.430530e-02	1.896841e-01	-1.453788e-01
364           	1.677398e-01	4.150646e-01	4.479993e-02	1.901397e-01	-1.453398e-01
365           	1.679475e-01	4.156034e-01	4.528021e-02	1.905876e-01	-1.453074e-01
366           	1.681501e-01	4.161384e-01	4.575974e-02	1.910300e-01	-1.452702e-01
367           	1.683446e-01	4.166583e-01	4.622678e-02	1.914580e-01	-1.452312e-01
368           	1.685413e-01	4.171751e-01	4.669102e-02	1.918868e-01	-1.451958e-01
369           	1.687295e-01	4.176660e-01	4.713853e-02	1.922988e-01	-1.451602e-01
370           	1.689043e-01	4.181185e-01	4.757810e-02	1.926934e-01	-1.451153e-01
371           	1.690705e-01	4.185464e-01	4.800350e-02	1.930722e-01	-1.450687e-01
372           	1.692325e-01	4.189535e-01	4.843381e-02	1.934494e-01	-1.450156e-01
373           	1.693973e-01	4.193519e-01	4.887227e-02	1.938335e-01	-1.449612e-01
374           	1.695725e-01	4.197471e-01	4.933353e-02	1.942393e-01	-1.449057e-01
375           	1.697635e-01	4.201513e-01	4.981066e-02	1.946688e-01	-1.448582e-01
376           	1.699645e-01	4.205484e-01	5.030358e-02	1.951163e-01	-1.448127e-01
377           	1.701700e-01	4.209249e-01	5.079249e-02	1.955662e-01	-1.447737e-01
378           	1.703773e-01	4.212711e-01	5.127361e-02	1.960141e-01	-1.447405e-01
379           	1.705885e-01	4.215973e-01	5.173141e-02	1.964542e-01	-1.447228e-01
380           	1.707953e-01	4.218914e-01	5.217678e-02	1.968836e-01	-1.447069e-01
381           	1.709884e-01	4.221480e-01	5.261033e-02	1.972935e-01	-1.446832e-01
382           	1.711721e-01	4.223772e-01	5.305589e-02	1.977001e-01	-1.446442e-01
383           	1.713441e-01	4.225813e-01	5.351217e-02	1.981002e-01	-1.445881e-01
384           	1.715139e-01	4.227781e-01	5.398614e-02	1.985070e-01	-1.445208e-01
385           	1.716766e-01	4.229649e-01	5.446782e-02	1.989105e-01	-1.444427e-01
386           	1.718294e-01	4.231371e-01	5.496572e-02	1.993123e-01	-1.443466e-01
387           	1.719652e-01	4.232897e-01	5.547208e-02	1.997012e-01	-1.442291e-01
388           	1.720933e-01	4.234392e-01	5.599551e-02	2.000911e-01	-1.440956e-01
389           	1.722032e-01	4.235690e-01	5.651766e-02	2.004620e-01	-1.439443e-01
390           	1.723111e-01	4.237057e-01	5.704180e-02	2.008320e-01	-1.437902e-01
391           	1.724063e-01	4.238336e-01	5.754908e-02	2.011809e-01	-1.436318e-01
392           	1.725048e-01	4.239797e-01	5.804942e-02	2.015295e-01	-1.434801e-01
393           	1.725982e-01	4.241339e-01	5.852208e-02	2.018592e-01	-1.433371e-01
394           	1.726916e-01	4.243056e-01	5.898263e-02	2.021830e-01	-1.432003e-01
395           	1.727826e-01	4.244940e-01	5.942401e-02	2.024946e-01	-1.430706e-01
396           	1.728735e-01	4.247023e-01	5.986863e-02	2.028078e-01	-1.429392e-01
397           	1.729550e-01	4.249141e-01	6.030400e-02	2.031070e-01	-1.428030e-01
398           	1.730284e-01	4.251296e-01	6.075211e-02	2.034045e-01	-1.426524e-01
399           	1.730927e-01	4.253466e-01	6.119736e-02	2.036913e-01	-1.424940e-01
400           	1.731554e-01	4.255743e-01	6.163908e-02	2.039749e-01	-1.423359e-01
401           	1.732148e-01	4.258068e-01	6.205943e-02	2.042445e-01	-1.421850e-01
402           	1.732726e-01	4.260393e-01	6.247725e-02	2.045112e-01	-1.420340e-01
403           	1.733283e-01	4.262695e-01	6.288913e-02	2.047729e-01	-1.418837e-01
404           	1.733882e-01	4.265009e-01	6.330706e-02	2.050418e-01	-1.417347e-01
405           	1.734510e-01	4.267247e-01	6.370816e-02	2.053050e-01	-1.415969e-01
406           	1.735177e-01	4.269339e-01	6.409614e-02	2.055658e-01	-1.414696e-01
407           	1.735857e-01	4.271224e-01	6.444967e-02	2.058106e-01	-1.413609e-01
408           	1.736611e-01	4.272964e-01	6.477790e-02	2.060501e-01	-1.412722e-01
409           	1.737424e-01	4.274601e-01	6.506821e-02	2.062765e-01	-1.412083e-01
410           	1.738363e-01	4.276245e-01	6.533413e-02	2.065034e-01	-1.411692e-01
411           	1.739416e-01	4.277916e-01	6.555681e-02	2.067200e-01	-1.411632e-01
412           	1.740621e-01	4.279675e-01	6.574907e-02	2.069367e-01	-1.411876e-01
413           	1.741892e-01	4.281436e-01	6.589339e-02	2.071359e-01	-1.412425e-01
414           	1.743312e-01	4.283374e-01	6.600532e-02	2.073338e-01	-1.413285e-01
415           	1.744773e-01	4.285292e-01	6.605653e-02	2.075056e-01	-1.414491e-01
416           	1.746336e-01	4.287322e-01	6.606068e-02	2.076639e-01	-1.416032e-01
417           	1.747880e-01	4.289248e-01	6.598709e-02	2.077816e-01	-1.417945e-01
418           	1.749436e-01	4.291248e-01	6.587889e-02	2.078830e-01	-1.420041e-01
419           	1.750870e-01	4.293130e-01	6.572130e-02	2.079476e-01	-1.422263e-01
420           	1.752225e-01	4.295008e-01	6.555748e-02	2.080013e-01	-1.424438e-01
421           	1.753474e-01	4.296912e-01	6.539534e-02	2.080450e-01	-1.426497e-01
422           	1.754594e-01	4.298694e-01	6.523638e-02	2.080776e-01	-1.428413e-01
423           	1.755580e-01	4.300435e-01	6.507360e-02	2.080948e-01	-1.430212e-01
424           	1.756412e-01	4.302011e-01	6.489855e-02	2.080905e-01	-1.431919e-01
425           	1.757151e-01	4.303568e-01	6.469088e-02	2.080605e-01	-1.433697e-01
426           	1.757826e-01	4.305138e-01	6.447176e-02	2.080184e-01	-1.435467e-01
427           	1.758483e-01	4.306801e-01	6.422991e-02	2.079633e-01	-1.437334e-01
428           	1.759171e-01	4.308638e-01	6.400424e-02	2.079192e-01	-1.439149e-01
429           	1.759887e-01	4.310577e-01	6.376614e-02	2.078718e-01	-1.441056e-01
430           	1.760664e-01	4.312629e-01	6.354056e-02	2.078367e-01	-1.442961e-01
431           	1.761478e-01	4.314742e-01	6.330989e-02	2.078027e-01	-1.444928e-01
432           	1.762313e-01	4.316854e-01	6.308781e-02	2.077752e-01	-1.446874e-01
433           	1.763098e-01	4.318921e-01	6.287252e-02	2.077460e-01	-1.448735e-01
434           	1.763784e-01	4.320880e-01	6.269122e-02	2.077240e-01	-1.450328e-01
435           	1.764283e-01	4.322677e-01	6.254753e-02	2.077020e-01	-1.451545e-01
436           	1.764578e-01	4.324234e-01	6.244747e-02	2.076815e-01	-1.452341e-01
437           	1.764659e-01	4.325608e-01	6.238386e-02	2.076578e-01	-1.452739e-01
438           	1.764603e-01	4.326844e-01	6.236456e-02	2.076426e-01	-1.452780e-01
439           	1.764464e-01	4.328001e-01	6.237350e-02	2.076331e-01	-1.452596e-01
440           	1.764197e-01	4.328954e-01	6.241469e-02	2.076271e-01	-1.452124e-01
441           	1.763779e-01	4.329731e-01	6.246812e-02	2.076120e-01	-1.451439e-01
442           	1.763235e-01	4.330401e-01	6.254561e-02	2.075963e-01	-1.450507e-01
443           	1.762448e-01	4.330815e-01	6.263985e-02	2.075647e-01	-1.449249e-01
444           	1.761466e-01	4.331043e-01	6.277201e-02	2.075326e-01	-1.447606e-01
445           	1.760246e-01	4.330986e-01	6.292683e-02	2.074881e-01	-1.445612e-01
446           	1.758828e-01	4.330626e-01	6.311514e-02	2.074404e-01	-1.443252e-01
447           	1.757214e-01	4.329977e-01	6.331794e-02	2.073803e-01	-1.440624e-01
448           	1.755479e-01	4.329127e-01	6.354869e-02	2.073223e-01	-1.437736e-01
449           	1.753671e-01	4.328171e-01	6.379388e-02	2.072641e-01	-1.434702e-01
450           	1.751819e-01	4.327123e-01	6.406743e-02	2.072156e-01	-1.431481e-01
451           	1.749926e-01	4.326011e-01	6.435583e-02	2.071705e-01	-1.428147e-01
452           	1.748024e-01	4.324843e-01	6.467290e-02	2.071389e-01	-1.424660e-01
453           	1.746092e-01	4.323615e-01	6.500412e-02	2.071113e-01	-1.421072e-01
454           	1.744134e-01	4.322314e-01	6.535887e-02	2.070928e-01	-1.417339e-01
455           	1.742116e-01	4.320932e-01	6.572055e-02	2.070719e-01	-1.413513e-01
456           	1.740112e-01	4.319525e-01	6.609582e-02	2.070591e-01	-1.409633e-01
457           	1.738137e-01	4.318122e-01	6.646917e-02	2.070483e-01	-1.405791e-01
458           	1.736236e-01	4.316741e-01	6.684860e-02	2.070479e-01	-1.401993e-01
459           	1.734440e-01	4.315398e-01	6.721459e-02	2.070513e-01	-1.398367e-01
460           	1.732878e-01	4.314212e-01	6.757019e-02	2.070729e-01	-1.395027e-01
461           	1.731600e-01	4.313280e-01	6.790043e-02	2.071102e-01	-1.392098e-01
462           	1.730657e-01	4.312659e-01	6.821404e-02	2.071727e-01	-1.389586e-01
463           	1.730030e-01	4.312348e-01	6.849248e-02	2.072492e-01	-1.387567e-01
464           	1.729695e-01	4.312320e-01	6.874492e-02	2.073419e-01	-1.385970e-01
465           	1.729602e-01	4.312515e-01	6.895460e-02	2.074375e-01	-1.384829e-01
466           	1.729782e-01	4.312952e-01	6.913264e-02	2.075446e-01	-1.384119e-01
467           	1.730237e-01	4.313648e-01	6.926868e-02	2.076581e-01	-1.383894e-01
468           	1.730896e-01	4.314502e-01	6.938337e-02	2.077813e-01	-1.383979e-01
469           	1.731748e-01	4.315510e-01	6.945968e-02	2.079047e-01	-1.384450e-01
470           	1.732773e-01	4.316617e-01	6.951040e-02	2.080325e-01	-1.385221e-01
471           	1.733905e-01	4.317753e-01	6.952535e-02	2.081532e-01	-1.386278e-01
472           	1.735187e-01	4.318927e-01	6.950819e-02	2.082728e-01	-1.387646e-01
473           	1.736546e-01	4.320052e-01	6.944840e-02	2.083788e-01	-1.389304e-01
474           	1.737960e-01	4.321086e-01	6.936148e-02	2.084768e-01	-1.391153e-01
475           	1.739437e-01	4.322089e-01	6.923172e-02	2.085596e-01	-1.393279e-01
476           	1.740939e-01	4.323052e-01	6.908308e-02	2.086354e-01	-1.395523e-01
477           	1.742495e-01	4.324057e-01	6.890134e-02	2.087002e-01	-1.397988e-01
478           	1.744081e-01	4.325067e-01	6.870694e-02	2.087616e-01	-1.400546e-01
479           	1.745636e-01	4.326032e-01	6.849763e-02	2.088124e-01	-1.403148e-01
480           	1.747115e-01	4.326871e-01	6.829260e-02	2.088578e-01	-1.405652e-01
481           	1.748500e-01	4.327628e-01	6.808504e-02	2.088925e-01	-1.408075e-01
482           	1.749762e-01	4.328261e-01	6.789308e-02	2.089228e-01	-1.410297e-01
483           	1.750953e-01	4.328869e-01	6.770089e-02	2.089458e-01	-1.412449e-01
484           	1.752154e-01	4.329573e-01	6.752009e-02	2.089755e-01	-1.414554e-01
485           	1.753320e-01	4.330343e-01	6.733670e-02	2.090004e-01	-1.416637e-01
486           	1.754483e-01	4.331220e-01	6.716242e-02	2.090295e-01	-1.418671e-01
487           	1.755597e-01	4.332175e-01	6.698643e-02	2.090529e-01	-1.420665e-01
488           	1.756670e-01	4.333219e-01	6.682403e-02	2.090790e-01	-1.422550e-01
489           	1.757673e-01	4.334349e-01	6.666305e-02	2.090989e-01	-1.424358e-01
490           	1.758628e-01	4.335565e-01	6.651471e-02	2.091202e-01	-1.426054e-01
491           	1.759530e-01	4.336872e-01	6.636702e-02	2.091365e-01	-1.427694e-01
492           	1.760420e-01	4.338275e-01	6.623172e-02	2.091578e-01	-1.429261e-01
493           	1.761294e-01	4.339769e-01	6.609547e-02	2.091771e-01	-1.430816e-01
494           	1.762162e-01	4.341388e-01	6.598184e-02	2.092071e-01	-1.432253e-01
495           	1.763003e-01	4.343104e-01	6.587658e-02	2.092386e-01	-1.433620e-01
496           	1.763823e-01	4.344906e-01	6.579370e-02	2.092792e-01	-1.434855e-01
497           	1.764601e-01	4.346748e-01	6.571506e-02	2.093176e-01	-1.436026e-01
498           	1.765336e-01	4.348627e-01	6.565767e-02	2.093624e-01	-1.437047e-01
499           	1.766007e-01	4.350465e-01	6.559917e-02	2.094003e-01	-1.438011e-01
500           	1.766661e-01	4.352258e-01	6.554650e-02	2.094393e-01	-1.438928e-01
