# Force coefficients
# liftDir     : (0.000000e+00 0.000000e+00 1.000000e+00)
# dragDir     : (1.000000e+00 0.000000e+00 0.000000e+00)
# pitchAxis   : (0.000000e+00 1.000000e+00 0.000000e+00)
# magUInf     : 2.000000e+01
# lRef        : 1.420000e+00
# Aref        : 7.500000e-01
# CofR        : (7.200000e-01 0.000000e+00 0.000000e+00)
# Time        	Cm            	Cd            	Cl            	Cl(f)         	Cl(r)         
0             	9.135968e-03	2.266288e-02	7.805548e-04	9.526246e-03	-8.745691e-03
1             	5.700928e-01	1.341113e+00	-4.023305e-02	5.499763e-01	-5.902094e-01
2             	6.518820e-01	1.526700e+00	-5.429972e-02	6.247321e-01	-6.790319e-01
3             	5.709038e-01	1.333627e+00	-3.967369e-02	5.510669e-01	-5.907406e-01
4             	4.630944e-01	1.085201e+00	-2.821052e-02	4.489891e-01	-4.771996e-01
5             	3.735774e-01	8.824715e-01	-1.747522e-02	3.648397e-01	-3.823150e-01
6             	3.060879e-01	7.308286e-01	-3.492506e-03	3.043416e-01	-3.078342e-01
7             	2.589182e-01	6.247088e-01	7.368361e-03	2.626024e-01	-2.552340e-01
8             	2.272987e-01	5.546530e-01	1.269718e-02	2.336473e-01	-2.209501e-01
9             	2.071161e-01	5.103294e-01	1.552002e-02	2.148761e-01	-1.993561e-01
10            	1.938137e-01	4.818464e-01	1.794041e-02	2.027839e-01	-1.848435e-01
11            	1.852347e-01	4.630492e-01	2.101735e-02	1.957433e-01	-1.747260e-01
12            	1.800572e-01	4.506725e-01	2.592671e-02	1.930206e-01	-1.670939e-01
13            	1.775369e-01	4.429090e-01	3.129188e-02	1.931828e-01	-1.618909e-01
14            	1.772302e-01	4.390043e-01	3.685482e-02	1.956576e-01	-1.588028e-01
15            	1.775622e-01	4.362944e-01	4.252262e-02	1.988235e-01	-1.563008e-01
16            	1.777902e-01	4.337014e-01	4.762657e-02	2.016034e-01	-1.539769e-01
17            	1.780107e-01	4.317891e-01	5.160355e-02	2.038125e-01	-1.522089e-01
18            	1.783952e-01	4.309346e-01	5.377877e-02	2.052846e-01	-1.515058e-01
19            	1.787063e-01	4.302196e-01	5.418439e-02	2.057985e-01	-1.516141e-01
20            	1.788572e-01	4.292732e-01	5.333925e-02	2.055268e-01	-1.521876e-01
21            	1.788516e-01	4.284794e-01	5.209861e-02	2.049009e-01	-1.528023e-01
22            	1.781745e-01	4.274008e-01	5.143491e-02	2.038920e-01	-1.524571e-01
23            	1.766258e-01	4.257265e-01	5.176127e-02	2.025065e-01	-1.507452e-01
24            	1.744060e-01	4.234695e-01	5.299096e-02	2.009015e-01	-1.479105e-01
25            	1.718611e-01	4.210799e-01	5.450124e-02	1.991117e-01	-1.446105e-01
26            	1.695974e-01	4.193205e-01	5.591371e-02	1.975542e-01	-1.416405e-01
27            	1.678933e-01	4.184146e-01	5.686357e-02	1.963251e-01	-1.394615e-01
28            	1.666840e-01	4.178387e-01	5.757822e-02	1.954731e-01	-1.378949e-01
29            	1.658083e-01	4.171893e-01	5.819028e-02	1.949035e-01	-1.367132e-01
30            	1.650935e-01	4.162954e-01	5.903261e-02	1.946098e-01	-1.355772e-01
31            	1.645230e-01	4.154042e-01	5.984472e-02	1.944454e-01	-1.346007e-01
32            	1.641288e-01	4.146315e-01	6.081088e-02	1.945342e-01	-1.337233e-01
33            	1.638370e-01	4.140033e-01	6.178099e-02	1.947275e-01	-1.329465e-01
34            	1.635694e-01	4.135075e-01	6.276192e-02	1.949504e-01	-1.321885e-01
35            	1.633284e-01	4.131766e-01	6.360903e-02	1.951329e-01	-1.315239e-01
36            	1.630652e-01	4.128808e-01	6.417274e-02	1.951516e-01	-1.309788e-01
37            	1.629445e-01	4.126972e-01	6.442072e-02	1.951549e-01	-1.307342e-01
38            	1.629544e-01	4.125746e-01	6.413483e-02	1.950218e-01	-1.308870e-01
39            	1.630915e-01	4.123674e-01	6.354275e-02	1.948628e-01	-1.313201e-01
40            	1.632403e-01	4.121393e-01	6.273979e-02	1.946102e-01	-1.318704e-01
41            	1.633119e-01	4.119021e-01	6.204531e-02	1.943346e-01	-1.322892e-01
42            	1.632562e-01	4.116784e-01	6.168402e-02	1.940982e-01	-1.324142e-01
43            	1.631263e-01	4.115766e-01	6.199015e-02	1.941214e-01	-1.321312e-01
44            	1.629378e-01	4.116025e-01	6.284987e-02	1.943628e-01	-1.315129e-01
45            	1.626880e-01	4.117101e-01	6.417369e-02	1.947748e-01	-1.306011e-01
46            	1.623918e-01	4.117403e-01	6.580834e-02	1.952960e-01	-1.294876e-01
47            	1.620333e-01	4.116524e-01	6.748883e-02	1.957777e-01	-1.282888e-01
48            	1.616015e-01	4.113691e-01	6.894489e-02	1.960739e-01	-1.271290e-01
49            	1.611083e-01	4.110144e-01	7.006845e-02	1.961425e-01	-1.260741e-01
50            	1.605485e-01	4.106191e-01	7.073580e-02	1.959164e-01	-1.251806e-01
51            	1.599509e-01	4.102932e-01	7.106476e-02	1.954833e-01	-1.244185e-01
52            	1.593295e-01	4.101169e-01	7.101285e-02	1.948359e-01	-1.238231e-01
53            	1.586890e-01	4.100942e-01	7.074765e-02	1.940628e-01	-1.233151e-01
54            	1.580891e-01	4.102345e-01	7.026726e-02	1.932228e-01	-1.229555e-01
55            	1.575901e-01	4.105286e-01	6.975336e-02	1.924668e-01	-1.227134e-01
56            	1.571741e-01	4.108733e-01	6.914683e-02	1.917475e-01	-1.226007e-01
57            	1.568932e-01	4.112871e-01	6.867000e-02	1.912282e-01	-1.225582e-01
58            	1.566985e-01	4.117108e-01	6.820146e-02	1.907992e-01	-1.225978e-01
59            	1.565888e-01	4.121785e-01	6.779978e-02	1.904886e-01	-1.226889e-01
60            	1.564980e-01	4.125911e-01	6.738056e-02	1.901883e-01	-1.228078e-01
61            	1.565131e-01	4.130470e-01	6.703548e-02	1.900308e-01	-1.229953e-01
62            	1.565441e-01	4.133986e-01	6.662052e-02	1.898543e-01	-1.232338e-01
63            	1.566638e-01	4.137383e-01	6.623855e-02	1.897831e-01	-1.235445e-01
64            	1.567947e-01	4.139714e-01	6.565505e-02	1.896222e-01	-1.239672e-01
65            	1.570094e-01	4.142231e-01	6.513786e-02	1.895783e-01	-1.244405e-01
66            	1.572315e-01	4.144221e-01	6.458073e-02	1.895219e-01	-1.249411e-01
67            	1.574785e-01	4.146502e-01	6.417071e-02	1.895639e-01	-1.253932e-01
68            	1.576844e-01	4.148479e-01	6.382754e-02	1.895982e-01	-1.257707e-01
69            	1.578819e-01	4.150844e-01	6.365288e-02	1.897083e-01	-1.260555e-01
70            	1.580070e-01	4.152864e-01	6.359293e-02	1.898035e-01	-1.262106e-01
71            	1.581283e-01	4.155356e-01	6.365062e-02	1.899536e-01	-1.263030e-01
72            	1.581633e-01	4.157238e-01	6.374219e-02	1.900344e-01	-1.262922e-01
73            	1.582405e-01	4.159809e-01	6.392263e-02	1.902018e-01	-1.262792e-01
74            	1.582918e-01	4.162246e-01	6.407381e-02	1.903287e-01	-1.262549e-01
75            	1.583531e-01	4.164851e-01	6.426684e-02	1.904865e-01	-1.262196e-01
76            	1.584149e-01	4.167059e-01	6.441003e-02	1.906199e-01	-1.262099e-01
77            	1.585267e-01	4.169512e-01	6.460069e-02	1.908270e-01	-1.262264e-01
78            	1.586279e-01	4.171606e-01	6.467826e-02	1.909671e-01	-1.262888e-01
79            	1.587446e-01	4.174067e-01	6.469626e-02	1.910927e-01	-1.263965e-01
80            	1.588120e-01	4.176221e-01	6.460777e-02	1.911159e-01	-1.265081e-01
81            	1.588226e-01	4.177640e-01	6.449558e-02	1.910703e-01	-1.265748e-01
82            	1.587826e-01	4.178508e-01	6.432443e-02	1.909448e-01	-1.266204e-01
83            	1.586835e-01	4.178695e-01	6.414424e-02	1.907556e-01	-1.266114e-01
84            	1.585454e-01	4.177963e-01	6.394803e-02	1.905195e-01	-1.265714e-01
85            	1.583572e-01	4.176704e-01	6.371466e-02	1.902145e-01	-1.264999e-01
86            	1.581443e-01	4.174956e-01	6.346998e-02	1.898793e-01	-1.264093e-01
87            	1.579399e-01	4.172934e-01	6.327497e-02	1.895774e-01	-1.263024e-01
88            	1.577590e-01	4.170961e-01	6.313229e-02	1.893252e-01	-1.261929e-01
89            	1.576228e-01	4.169481e-01	6.305100e-02	1.891483e-01	-1.260973e-01
90            	1.574841e-01	4.167676e-01	6.299882e-02	1.889835e-01	-1.259847e-01
91            	1.573730e-01	4.166419e-01	6.297222e-02	1.888592e-01	-1.258869e-01
92            	1.572090e-01	4.163886e-01	6.302920e-02	1.887236e-01	-1.256944e-01
93            	1.570849e-01	4.161617e-01	6.315372e-02	1.886618e-01	-1.255081e-01
94            	1.569630e-01	4.159267e-01	6.333830e-02	1.886321e-01	-1.252938e-01
95            	1.568330e-01	4.156305e-01	6.350430e-02	1.885851e-01	-1.250808e-01
96            	1.566866e-01	4.153094e-01	6.357927e-02	1.884763e-01	-1.248970e-01
97            	1.565975e-01	4.150268e-01	6.365650e-02	1.884258e-01	-1.247693e-01
98            	1.565202e-01	4.147621e-01	6.369580e-02	1.883681e-01	-1.246723e-01
99            	1.565035e-01	4.145680e-01	6.369478e-02	1.883509e-01	-1.246561e-01
100           	1.564957e-01	4.144129e-01	6.370759e-02	1.883495e-01	-1.246419e-01
101           	1.565273e-01	4.143579e-01	6.366905e-02	1.883619e-01	-1.246928e-01
102           	1.565497e-01	4.143239e-01	6.363217e-02	1.883658e-01	-1.247336e-01
103           	1.565909e-01	4.143261e-01	6.367163e-02	1.884267e-01	-1.247551e-01
104           	1.566265e-01	4.143636e-01	6.370155e-02	1.884773e-01	-1.247758e-01
105           	1.566937e-01	4.144489e-01	6.379444e-02	1.885909e-01	-1.247964e-01
106           	1.567124e-01	4.145198e-01	6.388175e-02	1.886533e-01	-1.247715e-01
107           	1.567316e-01	4.146072e-01	6.394150e-02	1.887024e-01	-1.247609e-01
108           	1.567195e-01	4.146513e-01	6.395763e-02	1.886983e-01	-1.247407e-01
109           	1.567133e-01	4.146797e-01	6.397167e-02	1.886991e-01	-1.247274e-01
110           	1.566693e-01	4.146620e-01	6.394427e-02	1.886414e-01	-1.246972e-01
111           	1.566185e-01	4.146118e-01	6.387999e-02	1.885585e-01	-1.246785e-01
112           	1.565591e-01	4.145251e-01	6.382495e-02	1.884716e-01	-1.246467e-01
113           	1.565099e-01	4.144623e-01	6.373171e-02	1.883758e-01	-1.246440e-01
114           	1.564375e-01	4.143330e-01	6.365301e-02	1.882640e-01	-1.246110e-01
115           	1.564333e-01	4.142694e-01	6.359319e-02	1.882299e-01	-1.246367e-01
116           	1.564355e-01	4.142061e-01	6.356445e-02	1.882177e-01	-1.246532e-01
117           	1.564902e-01	4.142110e-01	6.352331e-02	1.882519e-01	-1.247286e-01
118           	1.565183e-01	4.141894e-01	6.347821e-02	1.882574e-01	-1.247792e-01
119           	1.565844e-01	4.142280e-01	6.344590e-02	1.883074e-01	-1.248615e-01
120           	1.566109e-01	4.142082e-01	6.342318e-02	1.883225e-01	-1.248994e-01
121           	1.566587e-01	4.142136e-01	6.340044e-02	1.883590e-01	-1.249585e-01
122           	1.566583e-01	4.141545e-01	6.338331e-02	1.883499e-01	-1.249666e-01
123           	1.566793e-01	4.141184e-01	6.332846e-02	1.883436e-01	-1.250151e-01
124           	1.566357e-01	4.140120e-01	6.329639e-02	1.882839e-01	-1.249875e-01
125           	1.565912e-01	4.139061e-01	6.316947e-02	1.881759e-01	-1.250064e-01
126           	1.564929e-01	4.136965e-01	6.311195e-02	1.880488e-01	-1.249369e-01
127           	1.564708e-01	4.135736e-01	6.304191e-02	1.879918e-01	-1.249499e-01
128           	1.563941e-01	4.133712e-01	6.301858e-02	1.879034e-01	-1.248849e-01
129           	1.563714e-01	4.132139e-01	6.296241e-02	1.878526e-01	-1.248901e-01
130           	1.563713e-01	4.130932e-01	6.294319e-02	1.878429e-01	-1.248997e-01
131           	1.564001e-01	4.130313e-01	6.289312e-02	1.878467e-01	-1.249535e-01
132           	1.564179e-01	4.129544e-01	6.286921e-02	1.878525e-01	-1.249833e-01
133           	1.564682e-01	4.128941e-01	6.290850e-02	1.879225e-01	-1.250140e-01
134           	1.565005e-01	4.128431e-01	6.290273e-02	1.879519e-01	-1.250492e-01
135           	1.565286e-01	4.127830e-01	6.290980e-02	1.879835e-01	-1.250737e-01
136           	1.565399e-01	4.127179e-01	6.289678e-02	1.879883e-01	-1.250915e-01
137           	1.565371e-01	4.126656e-01	6.283770e-02	1.879559e-01	-1.251182e-01
138           	1.564947e-01	4.125665e-01	6.280182e-02	1.878956e-01	-1.250938e-01
139           	1.564580e-01	4.124589e-01	6.276053e-02	1.878383e-01	-1.250777e-01
140           	1.564120e-01	4.123373e-01	6.278490e-02	1.878044e-01	-1.250195e-01
141           	1.563951e-01	4.122458e-01	6.278750e-02	1.877888e-01	-1.250013e-01
142           	1.563731e-01	4.121726e-01	6.277671e-02	1.877614e-01	-1.249847e-01
143           	1.563473e-01	4.120945e-01	6.271984e-02	1.877072e-01	-1.249874e-01
144           	1.563415e-01	4.120230e-01	6.269918e-02	1.876911e-01	-1.249919e-01
145           	1.563882e-01	4.120060e-01	6.270759e-02	1.877419e-01	-1.250344e-01
146           	1.564089e-01	4.119821e-01	6.271661e-02	1.877672e-01	-1.250506e-01
147           	1.564479e-01	4.120019e-01	6.269705e-02	1.877965e-01	-1.250994e-01
148           	1.564705e-01	4.120307e-01	6.267429e-02	1.878076e-01	-1.251333e-01
149           	1.564793e-01	4.120755e-01	6.264722e-02	1.878029e-01	-1.251557e-01
150           	1.564725e-01	4.120761e-01	6.268080e-02	1.878129e-01	-1.251321e-01
151           	1.564952e-01	4.121335e-01	6.272330e-02	1.878568e-01	-1.251335e-01
152           	1.564862e-01	4.121749e-01	6.276389e-02	1.878681e-01	-1.251042e-01
153           	1.564926e-01	4.122592e-01	6.277434e-02	1.878798e-01	-1.251054e-01
154           	1.564484e-01	4.122793e-01	6.277633e-02	1.878366e-01	-1.250603e-01
155           	1.564338e-01	4.123407e-01	6.279998e-02	1.878338e-01	-1.250338e-01
156           	1.564054e-01	4.123824e-01	6.282059e-02	1.878157e-01	-1.249951e-01
157           	1.564009e-01	4.124684e-01	6.283276e-02	1.878173e-01	-1.249845e-01
158           	1.563687e-01	4.125112e-01	6.283868e-02	1.877881e-01	-1.249494e-01
159           	1.563643e-01	4.126215e-01	6.282372e-02	1.877761e-01	-1.249524e-01
160           	1.563390e-01	4.126841e-01	6.281666e-02	1.877474e-01	-1.249307e-01
161           	1.563179e-01	4.127772e-01	6.281436e-02	1.877251e-01	-1.249107e-01
162           	1.563051e-01	4.128399e-01	6.287149e-02	1.877408e-01	-1.248694e-01
163           	1.563212e-01	4.129436e-01	6.288610e-02	1.877642e-01	-1.248781e-01
164           	1.563218e-01	4.130246e-01	6.290056e-02	1.877721e-01	-1.248715e-01
165           	1.563265e-01	4.131290e-01	6.287291e-02	1.877629e-01	-1.248900e-01
166           	1.563422e-01	4.132070e-01	6.288575e-02	1.877851e-01	-1.248994e-01
167           	1.563835e-01	4.133400e-01	6.286202e-02	1.878145e-01	-1.249525e-01
168           	1.564316e-01	4.134650e-01	6.288399e-02	1.878736e-01	-1.249896e-01
169           	1.565009e-01	4.136198e-01	6.284925e-02	1.879256e-01	-1.250763e-01
170           	1.565950e-01	4.138011e-01	6.287566e-02	1.880329e-01	-1.251572e-01
171           	1.566894e-01	4.139926e-01	6.279967e-02	1.880892e-01	-1.252895e-01
172           	1.568207e-01	4.142334e-01	6.280103e-02	1.882213e-01	-1.254202e-01
173           	1.569550e-01	4.144699e-01	6.269921e-02	1.883046e-01	-1.256054e-01
174           	1.571337e-01	4.147955e-01	6.271086e-02	1.884892e-01	-1.257783e-01
175           	1.572599e-01	4.150280e-01	6.257980e-02	1.885498e-01	-1.259700e-01
176           	1.573998e-01	4.153187e-01	6.257373e-02	1.886867e-01	-1.261130e-01
177           	1.575068e-01	4.155197e-01	6.244424e-02	1.887289e-01	-1.262846e-01
178           	1.576156e-01	4.157287e-01	6.245668e-02	1.888440e-01	-1.263873e-01
179           	1.576795e-01	4.158440e-01	6.234585e-02	1.888524e-01	-1.265065e-01
180           	1.577241e-01	4.158922e-01	6.235519e-02	1.889016e-01	-1.265465e-01
181           	1.577326e-01	4.158599e-01	6.224842e-02	1.888568e-01	-1.266084e-01
182           	1.576978e-01	4.157353e-01	6.222001e-02	1.888078e-01	-1.265878e-01
183           	1.576589e-01	4.155497e-01	6.211213e-02	1.887150e-01	-1.266028e-01
184           	1.576510e-01	4.153610e-01	6.213732e-02	1.887196e-01	-1.265823e-01
185           	1.576668e-01	4.151909e-01	6.207805e-02	1.887058e-01	-1.266277e-01
186           	1.576733e-01	4.150496e-01	6.202100e-02	1.886838e-01	-1.266628e-01
187           	1.577093e-01	4.149224e-01	6.195211e-02	1.886854e-01	-1.267333e-01
188           	1.577617e-01	4.148601e-01	6.196200e-02	1.887427e-01	-1.267807e-01
189           	1.578146e-01	4.148597e-01	6.189165e-02	1.887604e-01	-1.268687e-01
190           	1.578592e-01	4.148857e-01	6.191567e-02	1.888170e-01	-1.269014e-01
191           	1.579131e-01	4.149679e-01	6.193018e-02	1.888782e-01	-1.269480e-01
192           	1.579484e-01	4.150788e-01	6.199482e-02	1.889458e-01	-1.269510e-01
193           	1.579570e-01	4.151756e-01	6.200648e-02	1.889602e-01	-1.269537e-01
194           	1.579577e-01	4.152659e-01	6.208773e-02	1.890016e-01	-1.269139e-01
195           	1.579512e-01	4.153150e-01	6.209964e-02	1.890010e-01	-1.269014e-01
196           	1.579403e-01	4.153253e-01	6.215713e-02	1.890189e-01	-1.268618e-01
197           	1.579148e-01	4.152818e-01	6.211948e-02	1.889746e-01	-1.268551e-01
198           	1.578538e-01	4.151422e-01	6.210454e-02	1.889061e-01	-1.268015e-01
199           	1.577821e-01	4.149133e-01	6.207555e-02	1.888199e-01	-1.267443e-01
200           	1.577007e-01	4.146312e-01	6.208132e-02	1.887414e-01	-1.266601e-01
201           	1.576108e-01	4.142991e-01	6.206965e-02	1.886456e-01	-1.265759e-01
202           	1.575343e-01	4.139563e-01	6.208949e-02	1.885790e-01	-1.264895e-01
203           	1.574594e-01	4.136088e-01	6.212950e-02	1.885241e-01	-1.263946e-01
204           	1.574142e-01	4.132926e-01	6.221251e-02	1.885205e-01	-1.263080e-01
205           	1.573723e-01	4.129766e-01	6.229747e-02	1.885210e-01	-1.262235e-01
206           	1.573555e-01	4.127085e-01	6.244597e-02	1.885785e-01	-1.261325e-01
207           	1.573613e-01	4.124933e-01	6.257722e-02	1.886499e-01	-1.260726e-01
208           	1.573624e-01	4.122979e-01	6.271887e-02	1.887219e-01	-1.260030e-01
209           	1.573615e-01	4.121330e-01	6.283744e-02	1.887802e-01	-1.259428e-01
210           	1.573341e-01	4.119328e-01	6.299255e-02	1.888304e-01	-1.258378e-01
211           	1.573229e-01	4.117645e-01	6.313463e-02	1.888902e-01	-1.257556e-01
212           	1.573079e-01	4.116356e-01	6.324489e-02	1.889304e-01	-1.256855e-01
213           	1.572477e-01	4.114238e-01	6.332303e-02	1.889092e-01	-1.255862e-01
214           	1.571805e-01	4.112557e-01	6.335505e-02	1.888580e-01	-1.255030e-01
215           	1.571300e-01	4.110494e-01	6.342766e-02	1.888438e-01	-1.254162e-01
216           	1.570969e-01	4.109282e-01	6.350557e-02	1.888497e-01	-1.253441e-01
217           	1.570912e-01	4.108329e-01	6.357073e-02	1.888766e-01	-1.253058e-01
218           	1.570871e-01	4.107910e-01	6.362720e-02	1.889007e-01	-1.252735e-01
219           	1.571061e-01	4.107839e-01	6.370223e-02	1.889572e-01	-1.252550e-01
220           	1.571048e-01	4.107875e-01	6.376045e-02	1.889850e-01	-1.252246e-01
221           	1.571464e-01	4.108494e-01	6.385030e-02	1.890716e-01	-1.252213e-01
222           	1.571552e-01	4.108776e-01	6.395192e-02	1.891312e-01	-1.251793e-01
223           	1.572041e-01	4.110106e-01	6.403072e-02	1.892195e-01	-1.251888e-01
224           	1.572025e-01	4.111085e-01	6.405354e-02	1.892293e-01	-1.251758e-01
225           	1.571694e-01	4.111855e-01	6.405786e-02	1.891983e-01	-1.251405e-01
226           	1.571521e-01	4.112672e-01	6.407783e-02	1.891910e-01	-1.251132e-01
227           	1.571357e-01	4.113433e-01	6.411557e-02	1.891935e-01	-1.250779e-01
228           	1.570978e-01	4.114026e-01	6.410774e-02	1.891516e-01	-1.250439e-01
229           	1.570387e-01	4.114388e-01	6.410453e-02	1.890909e-01	-1.249864e-01
230           	1.569779e-01	4.114855e-01	6.407654e-02	1.890161e-01	-1.249396e-01
231           	1.568981e-01	4.114923e-01	6.410924e-02	1.889528e-01	-1.248435e-01
232           	1.568187e-01	4.114966e-01	6.413871e-02	1.888880e-01	-1.247493e-01
233           	1.567491e-01	4.115077e-01	6.423047e-02	1.888644e-01	-1.246339e-01
234           	1.566982e-01	4.115576e-01	6.429420e-02	1.888453e-01	-1.245511e-01
235           	1.566596e-01	4.116482e-01	6.433673e-02	1.888280e-01	-1.244913e-01
236           	1.566098e-01	4.117103e-01	6.438297e-02	1.888013e-01	-1.244183e-01
237           	1.565932e-01	4.117939e-01	6.447187e-02	1.888291e-01	-1.243573e-01
238           	1.565835e-01	4.118842e-01	6.452691e-02	1.888469e-01	-1.243200e-01
239           	1.565885e-01	4.119964e-01	6.457709e-02	1.888771e-01	-1.243000e-01
240           	1.565707e-01	4.120782e-01	6.456058e-02	1.888510e-01	-1.242904e-01
241           	1.565594e-01	4.121576e-01	6.457288e-02	1.888459e-01	-1.242730e-01
242           	1.565348e-01	4.122236e-01	6.453838e-02	1.888040e-01	-1.242657e-01
243           	1.565287e-01	4.123092e-01	6.453023e-02	1.887938e-01	-1.242636e-01
244           	1.565318e-01	4.124023e-01	6.446330e-02	1.887634e-01	-1.243001e-01
245           	1.565765e-01	4.125885e-01	6.438572e-02	1.887694e-01	-1.243837e-01
246           	1.565939e-01	4.127586e-01	6.421977e-02	1.887037e-01	-1.244840e-01
247           	1.566362e-01	4.129600e-01	6.411550e-02	1.886939e-01	-1.245784e-01
248           	1.566749e-01	4.131491e-01	6.393902e-02	1.886444e-01	-1.247053e-01
249           	1.567308e-01	4.133673e-01	6.380270e-02	1.886322e-01	-1.248295e-01
250           	1.567268e-01	4.134897e-01	6.357911e-02	1.885163e-01	-1.249372e-01
251           	1.567320e-01	4.136110e-01	6.339821e-02	1.884311e-01	-1.250329e-01
252           	1.566587e-01	4.135917e-01	6.314681e-02	1.882321e-01	-1.250853e-01
253           	1.565771e-01	4.135284e-01	6.296224e-02	1.880582e-01	-1.250960e-01
254           	1.564412e-01	4.133318e-01	6.273656e-02	1.878095e-01	-1.250729e-01
255           	1.563537e-01	4.131416e-01	6.261112e-02	1.876593e-01	-1.250482e-01
256           	1.562583e-01	4.129376e-01	6.243599e-02	1.874763e-01	-1.250403e-01
257           	1.562108e-01	4.128198e-01	6.230582e-02	1.873637e-01	-1.250579e-01
258           	1.561554e-01	4.126595e-01	6.220144e-02	1.872561e-01	-1.250547e-01
259           	1.561884e-01	4.126437e-01	6.217635e-02	1.872766e-01	-1.251003e-01
260           	1.562365e-01	4.126697e-01	6.217000e-02	1.873215e-01	-1.251515e-01
261           	1.563271e-01	4.127845e-01	6.225859e-02	1.874564e-01	-1.251978e-01
262           	1.564223e-01	4.129542e-01	6.232784e-02	1.875862e-01	-1.252584e-01
263           	1.565358e-01	4.132263e-01	6.241756e-02	1.877446e-01	-1.253270e-01
264           	1.566025e-01	4.134678e-01	6.252427e-02	1.878646e-01	-1.253404e-01
265           	1.566804e-01	4.137331e-01	6.269443e-02	1.880276e-01	-1.253332e-01
266           	1.567348e-01	4.139722e-01	6.285043e-02	1.881600e-01	-1.253096e-01
267           	1.567587e-01	4.141678e-01	6.298208e-02	1.882497e-01	-1.252676e-01
268           	1.567252e-01	4.142774e-01	6.303704e-02	1.882438e-01	-1.252067e-01
269           	1.566853e-01	4.143168e-01	6.309031e-02	1.882305e-01	-1.251402e-01
270           	1.566080e-01	4.142484e-01	6.310150e-02	1.881588e-01	-1.250573e-01
271           	1.565437e-01	4.140916e-01	6.315670e-02	1.881220e-01	-1.249653e-01
272           	1.564790e-01	4.138761e-01	6.318631e-02	1.880722e-01	-1.248859e-01
273           	1.564598e-01	4.136391e-01	6.322098e-02	1.880703e-01	-1.248493e-01
274           	1.564426e-01	4.133650e-01	6.323866e-02	1.880619e-01	-1.248232e-01
275           	1.564358e-01	4.130556e-01	6.324856e-02	1.880600e-01	-1.248115e-01
276           	1.564579e-01	4.127583e-01	6.327250e-02	1.880941e-01	-1.248216e-01
277           	1.565223e-01	4.125247e-01	6.331544e-02	1.881800e-01	-1.248646e-01
278           	1.565804e-01	4.123155e-01	6.336198e-02	1.882614e-01	-1.248994e-01
279           	1.566414e-01	4.121381e-01	6.341692e-02	1.883498e-01	-1.249329e-01
280           	1.566940e-01	4.119971e-01	6.348342e-02	1.884357e-01	-1.249523e-01
281           	1.567432e-01	4.119062e-01	6.352443e-02	1.885054e-01	-1.249810e-01
282           	1.567660e-01	4.118079e-01	6.358950e-02	1.885607e-01	-1.249712e-01
283           	1.568061e-01	4.117543e-01	6.367438e-02	1.886433e-01	-1.249689e-01
284           	1.568308e-01	4.117129e-01	6.371181e-02	1.886867e-01	-1.249749e-01
285           	1.568531e-01	4.116946e-01	6.374773e-02	1.887269e-01	-1.249792e-01
286           	1.568513e-01	4.116674e-01	6.373187e-02	1.887173e-01	-1.249854e-01
287           	1.568727e-01	4.116746e-01	6.374472e-02	1.887450e-01	-1.250003e-01
288           	1.569002e-01	4.116845e-01	6.374003e-02	1.887703e-01	-1.250302e-01
289           	1.569424e-01	4.117374e-01	6.375992e-02	1.888224e-01	-1.250624e-01
290           	1.569678e-01	4.117837e-01	6.373114e-02	1.888334e-01	-1.251023e-01
291           	1.570142e-01	4.118756e-01	6.376088e-02	1.888946e-01	-1.251337e-01
292           	1.570319e-01	4.119505e-01	6.375072e-02	1.889073e-01	-1.251566e-01
293           	1.570674e-01	4.120670e-01	6.379458e-02	1.889647e-01	-1.251702e-01
294           	1.570657e-01	4.121258e-01	6.381351e-02	1.889724e-01	-1.251589e-01
295           	1.570900e-01	4.122522e-01	6.387700e-02	1.890285e-01	-1.251515e-01
296           	1.570559e-01	4.123266e-01	6.385609e-02	1.889839e-01	-1.251279e-01
297           	1.570327e-01	4.124534e-01	6.386009e-02	1.889628e-01	-1.251027e-01
298           	1.569464e-01	4.124793e-01	6.384272e-02	1.888677e-01	-1.250250e-01
299           	1.568873e-01	4.125801e-01	6.387830e-02	1.888265e-01	-1.249482e-01
300           	1.567550e-01	4.125602e-01	6.387526e-02	1.886927e-01	-1.248174e-01
301           	1.566681e-01	4.126205e-01	6.393325e-02	1.886347e-01	-1.247015e-01
302           	1.565401e-01	4.126286e-01	6.390498e-02	1.884925e-01	-1.245876e-01
303           	1.564474e-01	4.127004e-01	6.391074e-02	1.884028e-01	-1.244920e-01
304           	1.563195e-01	4.126959e-01	6.385997e-02	1.882495e-01	-1.243895e-01
305           	1.562731e-01	4.127970e-01	6.387119e-02	1.882087e-01	-1.243375e-01
306           	1.562123e-01	4.128594e-01	6.380553e-02	1.881150e-01	-1.243095e-01
307           	1.561984e-01	4.130133e-01	6.376737e-02	1.880821e-01	-1.243147e-01
308           	1.561528e-01	4.131086e-01	6.365301e-02	1.879793e-01	-1.243263e-01
309           	1.561602e-01	4.132697e-01	6.360410e-02	1.879623e-01	-1.243582e-01
310           	1.561065e-01	4.133190e-01	6.350658e-02	1.878598e-01	-1.243533e-01
311           	1.560849e-01	4.134083e-01	6.348505e-02	1.878275e-01	-1.243424e-01
312           	1.560386e-01	4.134091e-01	6.344105e-02	1.877591e-01	-1.243181e-01
313           	1.559905e-01	4.134593e-01	6.339128e-02	1.876861e-01	-1.242949e-01
314           	1.559115e-01	4.133790e-01	6.334476e-02	1.875838e-01	-1.242391e-01
315           	1.558763e-01	4.133755e-01	6.333535e-02	1.875439e-01	-1.242086e-01
316           	1.558060e-01	4.132776e-01	6.329569e-02	1.874538e-01	-1.241582e-01
317           	1.557979e-01	4.132494e-01	6.330721e-02	1.874515e-01	-1.241443e-01
318           	1.557577e-01	4.131508e-01	6.325676e-02	1.873860e-01	-1.241293e-01
319           	1.557769e-01	4.131336e-01	6.326072e-02	1.874072e-01	-1.241465e-01
320           	1.557707e-01	4.130649e-01	6.316950e-02	1.873554e-01	-1.241859e-01
321           	1.558049e-01	4.130821e-01	6.310304e-02	1.873564e-01	-1.242534e-01
322           	1.558076e-01	4.130227e-01	6.301377e-02	1.873145e-01	-1.243007e-01
323           	1.558739e-01	4.130614e-01	6.298262e-02	1.873652e-01	-1.243826e-01
324           	1.558894e-01	4.130331e-01	6.288284e-02	1.873308e-01	-1.244480e-01
325           	1.559258e-01	4.130456e-01	6.285438e-02	1.873530e-01	-1.244986e-01
326           	1.559265e-01	4.129954e-01	6.278385e-02	1.873184e-01	-1.245345e-01
327           	1.559501e-01	4.129971e-01	6.277698e-02	1.873386e-01	-1.245616e-01
328           	1.559172e-01	4.128829e-01	6.275042e-02	1.872924e-01	-1.245420e-01
329           	1.559421e-01	4.128530e-01	6.276306e-02	1.873236e-01	-1.245605e-01
330           	1.559210e-01	4.127466e-01	6.270385e-02	1.872729e-01	-1.245690e-01
331           	1.559332e-01	4.126823e-01	6.268470e-02	1.872756e-01	-1.245909e-01
332           	1.558973e-01	4.125248e-01	6.260750e-02	1.872011e-01	-1.245936e-01
333           	1.559288e-01	4.124670e-01	6.255786e-02	1.872078e-01	-1.246499e-01
334           	1.559396e-01	4.123679e-01	6.248877e-02	1.871840e-01	-1.246952e-01
335           	1.559788e-01	4.123314e-01	6.242052e-02	1.871891e-01	-1.247686e-01
336           	1.559851e-01	4.122405e-01	6.237633e-02	1.871733e-01	-1.247970e-01
337           	1.560243e-01	4.122050e-01	6.237791e-02	1.872132e-01	-1.248353e-01
338           	1.560379e-01	4.121299e-01	6.239704e-02	1.872364e-01	-1.248394e-01
339           	1.560752e-01	4.121158e-01	6.243091e-02	1.872906e-01	-1.248597e-01
340           	1.560850e-01	4.120512e-01	6.253678e-02	1.873534e-01	-1.248166e-01
341           	1.561276e-01	4.120607e-01	6.262463e-02	1.874399e-01	-1.248153e-01
342           	1.561525e-01	4.120436e-01	6.277942e-02	1.875422e-01	-1.247628e-01
343           	1.562049e-01	4.120749e-01	6.294199e-02	1.876759e-01	-1.247339e-01
344           	1.562526e-01	4.121004e-01	6.317258e-02	1.878389e-01	-1.246663e-01
345           	1.562914e-01	4.121498e-01	6.333119e-02	1.879570e-01	-1.246258e-01
346           	1.562974e-01	4.121642e-01	6.352658e-02	1.880607e-01	-1.245341e-01
347           	1.562851e-01	4.121456e-01	6.368977e-02	1.881300e-01	-1.244402e-01
348           	1.562708e-01	4.121198e-01	6.388045e-02	1.882110e-01	-1.243306e-01
349           	1.562314e-01	4.120631e-01	6.401728e-02	1.882400e-01	-1.242227e-01
350           	1.561896e-01	4.119725e-01	6.415631e-02	1.882678e-01	-1.241115e-01
351           	1.561517e-01	4.119013e-01	6.422093e-02	1.882621e-01	-1.240412e-01
352           	1.560983e-01	4.117928e-01	6.427812e-02	1.882373e-01	-1.239592e-01
353           	1.560487e-01	4.116645e-01	6.431321e-02	1.882053e-01	-1.238921e-01
354           	1.560358e-01	4.115620e-01	6.440883e-02	1.882402e-01	-1.238313e-01
355           	1.560068e-01	4.114100e-01	6.449309e-02	1.882534e-01	-1.237603e-01
356           	1.559874e-01	4.112754e-01	6.456555e-02	1.882702e-01	-1.237046e-01
357           	1.559750e-01	4.111546e-01	6.462144e-02	1.882857e-01	-1.236643e-01
358           	1.559784e-01	4.110261e-01	6.472664e-02	1.883417e-01	-1.236151e-01
359           	1.559752e-01	4.109202e-01	6.477631e-02	1.883633e-01	-1.235870e-01
360           	1.559744e-01	4.107874e-01	6.488011e-02	1.884144e-01	-1.235343e-01
361           	1.559991e-01	4.107119e-01	6.499153e-02	1.884948e-01	-1.235033e-01
362           	1.560367e-01	4.106732e-01	6.510020e-02	1.885868e-01	-1.234866e-01
363           	1.560412e-01	4.106069e-01	6.517522e-02	1.886288e-01	-1.234536e-01
364           	1.560631e-01	4.105409e-01	6.531565e-02	1.887210e-01	-1.234053e-01
365           	1.560985e-01	4.105053e-01	6.542288e-02	1.888100e-01	-1.233871e-01
366           	1.561522e-01	4.105112e-01	6.551216e-02	1.889083e-01	-1.233961e-01
367           	1.561912e-01	4.105216e-01	6.553164e-02	1.889570e-01	-1.234254e-01
368           	1.562251e-01	4.105444e-01	6.555576e-02	1.890030e-01	-1.234472e-01
369           	1.562770e-01	4.105912e-01	6.552680e-02	1.890404e-01	-1.235136e-01
370           	1.563374e-01	4.106889e-01	6.549903e-02	1.890869e-01	-1.235879e-01
371           	1.563769e-01	4.107485e-01	6.541673e-02	1.890853e-01	-1.236685e-01
372           	1.564324e-01	4.108481e-01	6.533830e-02	1.891015e-01	-1.237632e-01
373           	1.564614e-01	4.109261e-01	6.523263e-02	1.890778e-01	-1.238451e-01
374           	1.564787e-01	4.109886e-01	6.517852e-02	1.890680e-01	-1.238894e-01
375           	1.564576e-01	4.109846e-01	6.511368e-02	1.890144e-01	-1.239008e-01
376           	1.564583e-01	4.109969e-01	6.513631e-02	1.890264e-01	-1.238901e-01
377           	1.564511e-01	4.110273e-01	6.515250e-02	1.890273e-01	-1.238748e-01
378           	1.564500e-01	4.110631e-01	6.522459e-02	1.890622e-01	-1.238377e-01
379           	1.564184e-01	4.110691e-01	6.527184e-02	1.890543e-01	-1.237824e-01
380           	1.564160e-01	4.110979e-01	6.541582e-02	1.891239e-01	-1.237081e-01
381           	1.563943e-01	4.111200e-01	6.550303e-02	1.891458e-01	-1.236428e-01
382           	1.564194e-01	4.111904e-01	6.565261e-02	1.892457e-01	-1.235930e-01
383           	1.564205e-01	4.112469e-01	6.571977e-02	1.892803e-01	-1.235606e-01
384           	1.564463e-01	4.113446e-01	6.582251e-02	1.893576e-01	-1.235350e-01
385           	1.564547e-01	4.114163e-01	6.585060e-02	1.893800e-01	-1.235294e-01
386           	1.564868e-01	4.115360e-01	6.588722e-02	1.894304e-01	-1.235432e-01
387           	1.565314e-01	4.116735e-01	6.584525e-02	1.894540e-01	-1.236088e-01
388           	1.566194e-01	4.119307e-01	6.579999e-02	1.895194e-01	-1.237194e-01
389           	1.566801e-01	4.121742e-01	6.564625e-02	1.895032e-01	-1.238570e-01
390           	1.567610e-01	4.124560e-01	6.555367e-02	1.895378e-01	-1.239841e-01
391           	1.568680e-01	4.127824e-01	6.541310e-02	1.895746e-01	-1.241615e-01
392           	1.569986e-01	4.131659e-01	6.530042e-02	1.896489e-01	-1.243484e-01
393           	1.571032e-01	4.135224e-01	6.509179e-02	1.896491e-01	-1.245573e-01
394           	1.571987e-01	4.138734e-01	6.487873e-02	1.896381e-01	-1.247594e-01
395           	1.572185e-01	4.140762e-01	6.456465e-02	1.895009e-01	-1.249362e-01
396           	1.572108e-01	4.142212e-01	6.421619e-02	1.893188e-01	-1.251027e-01
397           	1.571352e-01	4.142165e-01	6.379049e-02	1.890305e-01	-1.252400e-01
398           	1.570511e-01	4.141592e-01	6.342500e-02	1.887636e-01	-1.253387e-01
399           	1.569330e-01	4.140320e-01	6.305526e-02	1.884606e-01	-1.254054e-01
400           	1.567941e-01	4.138819e-01	6.275859e-02	1.881734e-01	-1.254148e-01
401           	1.566384e-01	4.136618e-01	6.254631e-02	1.879116e-01	-1.253653e-01
402           	1.564981e-01	4.134479e-01	6.246000e-02	1.877281e-01	-1.252681e-01
403           	1.563911e-01	4.132249e-01	6.248333e-02	1.876327e-01	-1.251494e-01
404           	1.563227e-01	4.130276e-01	6.254599e-02	1.875957e-01	-1.250497e-01
405           	1.563212e-01	4.128828e-01	6.265045e-02	1.876465e-01	-1.249960e-01
406           	1.563808e-01	4.128195e-01	6.273131e-02	1.877464e-01	-1.250151e-01
407           	1.564649e-01	4.127643e-01	6.280263e-02	1.878662e-01	-1.250636e-01
408           	1.566001e-01	4.127796e-01	6.290612e-02	1.880532e-01	-1.251471e-01
409           	1.567743e-01	4.128419e-01	6.304423e-02	1.882964e-01	-1.252522e-01
410           	1.569325e-01	4.129483e-01	6.317804e-02	1.885215e-01	-1.253435e-01
411           	1.570268e-01	4.129862e-01	6.331608e-02	1.886849e-01	-1.253688e-01
412           	1.570678e-01	4.129900e-01	6.346606e-02	1.888008e-01	-1.253347e-01
413           	1.570111e-01	4.128434e-01	6.360358e-02	1.888129e-01	-1.252093e-01
414           	1.569218e-01	4.126638e-01	6.375684e-02	1.888002e-01	-1.250434e-01
415           	1.567963e-01	4.123790e-01	6.387662e-02	1.887346e-01	-1.248580e-01
416           	1.566967e-01	4.121212e-01	6.403613e-02	1.887147e-01	-1.246786e-01
417           	1.565711e-01	4.118190e-01	6.411169e-02	1.886269e-01	-1.245152e-01
418           	1.565145e-01	4.115866e-01	6.423169e-02	1.886303e-01	-1.243986e-01
419           	1.564984e-01	4.113590e-01	6.431942e-02	1.886582e-01	-1.243387e-01
420           	1.565492e-01	4.112552e-01	6.444026e-02	1.887694e-01	-1.243291e-01
421           	1.565806e-01	4.111275e-01	6.452278e-02	1.888420e-01	-1.243192e-01
422           	1.566423e-01	4.110613e-01	6.468100e-02	1.889828e-01	-1.243018e-01
423           	1.566824e-01	4.110017e-01	6.480464e-02	1.890848e-01	-1.242801e-01
424           	1.567171e-01	4.109806e-01	6.498680e-02	1.892105e-01	-1.242237e-01
425           	1.567014e-01	4.109114e-01	6.510362e-02	1.892532e-01	-1.241496e-01
426           	1.566927e-01	4.109049e-01	6.525095e-02	1.893182e-01	-1.240672e-01
427           	1.566269e-01	4.108505e-01	6.532988e-02	1.892918e-01	-1.239619e-01
428           	1.565632e-01	4.108557e-01	6.540997e-02	1.892681e-01	-1.238582e-01
429           	1.564673e-01	4.107959e-01	6.542652e-02	1.891806e-01	-1.237541e-01
430           	1.564178e-01	4.108111e-01	6.548238e-02	1.891590e-01	-1.236766e-01
431           	1.563366e-01	4.107686e-01	6.544584e-02	1.890595e-01	-1.236137e-01
432           	1.562921e-01	4.107756e-01	6.544451e-02	1.890143e-01	-1.235698e-01
433           	1.562418e-01	4.107314e-01	6.539240e-02	1.889380e-01	-1.235456e-01
434           	1.562166e-01	4.107309e-01	6.537599e-02	1.889046e-01	-1.235286e-01
435           	1.561672e-01	4.106761e-01	6.527810e-02	1.888063e-01	-1.235282e-01
436           	1.561504e-01	4.106895e-01	6.520756e-02	1.887542e-01	-1.235466e-01
437           	1.561124e-01	4.106466e-01	6.508820e-02	1.886565e-01	-1.235683e-01
438           	1.561238e-01	4.107146e-01	6.501912e-02	1.886334e-01	-1.236143e-01
439           	1.560960e-01	4.107420e-01	6.485383e-02	1.885229e-01	-1.236691e-01
440           	1.560954e-01	4.108466e-01	6.474691e-02	1.884688e-01	-1.237219e-01
441           	1.560759e-01	4.109172e-01	6.456403e-02	1.883579e-01	-1.237939e-01
442           	1.560776e-01	4.110691e-01	6.443452e-02	1.882948e-01	-1.238603e-01
443           	1.560339e-01	4.111416e-01	6.424531e-02	1.881565e-01	-1.239112e-01
444           	1.560231e-01	4.112949e-01	6.415131e-02	1.880988e-01	-1.239475e-01
445           	1.559654e-01	4.113734e-01	6.400047e-02	1.879656e-01	-1.239651e-01
446           	1.559078e-01	4.114650e-01	6.395023e-02	1.878830e-01	-1.239327e-01
447           	1.558141e-01	4.114808e-01	6.385952e-02	1.877439e-01	-1.238844e-01
448           	1.557588e-01	4.115591e-01	6.388315e-02	1.877004e-01	-1.238172e-01
449           	1.556651e-01	4.115467e-01	6.386841e-02	1.875993e-01	-1.237309e-01
450           	1.556085e-01	4.115821e-01	6.394554e-02	1.875813e-01	-1.236357e-01
451           	1.555458e-01	4.115674e-01	6.396276e-02	1.875272e-01	-1.235644e-01
452           	1.555133e-01	4.115818e-01	6.406010e-02	1.875434e-01	-1.234833e-01
453           	1.554676e-01	4.115483e-01	6.406269e-02	1.874990e-01	-1.234363e-01
454           	1.554481e-01	4.115533e-01	6.411262e-02	1.875044e-01	-1.233918e-01
455           	1.554271e-01	4.115176e-01	6.409983e-02	1.874770e-01	-1.233772e-01
456           	1.554529e-01	4.115474e-01	6.414739e-02	1.875266e-01	-1.233792e-01
457           	1.554563e-01	4.115509e-01	6.408106e-02	1.874968e-01	-1.234158e-01
458           	1.555104e-01	4.116306e-01	6.406356e-02	1.875421e-01	-1.234786e-01
459           	1.555848e-01	4.117259e-01	6.395371e-02	1.875616e-01	-1.236079e-01
460           	1.557029e-01	4.119232e-01	6.386336e-02	1.876345e-01	-1.237712e-01
461           	1.558002e-01	4.121021e-01	6.371770e-02	1.876590e-01	-1.239413e-01
462           	1.559221e-01	4.123474e-01	6.362278e-02	1.877335e-01	-1.241107e-01
463           	1.560304e-01	4.125816e-01	6.344496e-02	1.877529e-01	-1.243080e-01
464           	1.561387e-01	4.128356e-01	6.331275e-02	1.877950e-01	-1.244823e-01
465           	1.562136e-01	4.130324e-01	6.311553e-02	1.877713e-01	-1.246558e-01
466           	1.562777e-01	4.131997e-01	6.298225e-02	1.877688e-01	-1.247866e-01
467           	1.562990e-01	4.132808e-01	6.279832e-02	1.876981e-01	-1.248998e-01
468           	1.562998e-01	4.133078e-01	6.266640e-02	1.876330e-01	-1.249666e-01
469           	1.562795e-01	4.132729e-01	6.249798e-02	1.875285e-01	-1.250305e-01
470           	1.562703e-01	4.132132e-01	6.240494e-02	1.874728e-01	-1.250679e-01
471           	1.562777e-01	4.131603e-01	6.224999e-02	1.874027e-01	-1.251527e-01
472           	1.563071e-01	4.131334e-01	6.211857e-02	1.873664e-01	-1.252479e-01
473           	1.563703e-01	4.131303e-01	6.199462e-02	1.873676e-01	-1.253730e-01
474           	1.564411e-01	4.131699e-01	6.188942e-02	1.873858e-01	-1.254964e-01
475           	1.565187e-01	4.132208e-01	6.180016e-02	1.874188e-01	-1.256186e-01
476           	1.565798e-01	4.132923e-01	6.176092e-02	1.874603e-01	-1.256994e-01
477           	1.566374e-01	4.133854e-01	6.177663e-02	1.875257e-01	-1.257491e-01
478           	1.566980e-01	4.135101e-01	6.187558e-02	1.876358e-01	-1.257603e-01
479           	1.567275e-01	4.136409e-01	6.196207e-02	1.877085e-01	-1.257464e-01
480           	1.567290e-01	4.137615e-01	6.207863e-02	1.877683e-01	-1.256897e-01
481           	1.567451e-01	4.138813e-01	6.223222e-02	1.878612e-01	-1.256290e-01
482           	1.567448e-01	4.139663e-01	6.238061e-02	1.879351e-01	-1.255545e-01
483           	1.567445e-01	4.140203e-01	6.251606e-02	1.880026e-01	-1.254865e-01
484           	1.567471e-01	4.140496e-01	6.261815e-02	1.880561e-01	-1.254380e-01
485           	1.567395e-01	4.140267e-01	6.265080e-02	1.880649e-01	-1.254141e-01
486           	1.567036e-01	4.139333e-01	6.267745e-02	1.880424e-01	-1.253649e-01
487           	1.566592e-01	4.137770e-01	6.267461e-02	1.879965e-01	-1.253219e-01
488           	1.566376e-01	4.135981e-01	6.272982e-02	1.880025e-01	-1.252727e-01
489           	1.565922e-01	4.133834e-01	6.272021e-02	1.879523e-01	-1.252321e-01
490           	1.565437e-01	4.131481e-01	6.274406e-02	1.879157e-01	-1.251716e-01
491           	1.564811e-01	4.128857e-01	6.273267e-02	1.878475e-01	-1.251148e-01
492           	1.564296e-01	4.126340e-01	6.279885e-02	1.878290e-01	-1.250301e-01
493           	1.563758e-01	4.123762e-01	6.283409e-02	1.877929e-01	-1.249588e-01
494           	1.563308e-01	4.121481e-01	6.293890e-02	1.878002e-01	-1.248613e-01
495           	1.562947e-01	4.119375e-01	6.301902e-02	1.878042e-01	-1.247851e-01
496           	1.562713e-01	4.117776e-01	6.315512e-02	1.878488e-01	-1.246937e-01
497           	1.562214e-01	4.115853e-01	6.325853e-02	1.878507e-01	-1.245922e-01
498           	1.561896e-01	4.114301e-01	6.342878e-02	1.879040e-01	-1.244752e-01
499           	1.561768e-01	4.112910e-01	6.357161e-02	1.879627e-01	-1.243910e-01
500           	1.561894e-01	4.112090e-01	6.374247e-02	1.880606e-01	-1.243181e-01
